# E (eV) pdos(E) 
 -5.971  0.910E-04
 -5.871  0.922E-01
 -5.771  0.166E+01
 -5.671  0.148E+01
 -5.571  0.896E+00
 -5.471  0.692E+00
 -5.371  0.582E+00
 -5.271  0.496E+00
 -5.171  0.418E+00
 -5.071  0.414E+00
 -4.971  0.406E+00
 -4.871  0.290E+00
 -4.771  0.328E+00
 -4.671  0.318E+00
 -4.571  0.284E+00
 -4.471  0.238E+00
 -4.371  0.316E+00
 -4.271  0.200E+00
 -4.171  0.278E+00
 -4.071  0.228E+00
 -3.971  0.218E+00
 -3.871  0.268E+00
 -3.771  0.178E+00
 -3.671  0.298E+00
 -3.571  0.195E+00
 -3.471  0.326E+00
 -3.371  0.358E+00
 -3.271  0.144E+00
 -3.171  0.138E+00
 -3.071  0.858E-01
 -2.971  0.177E+00
 -2.871  0.498E-01
 -2.771  0.210E+00
 -2.671  0.374E-01
 -2.571  0.200E+00
 -2.471  0.608E-01
 -2.371  0.151E+00
 -2.271  0.124E+00
 -2.171  0.115E+00
 -2.071  0.210E+00
 -1.971  0.278E+00
 -1.871  0.204E+00
 -1.771  0.266E+00
 -1.671  0.298E+00
 -1.571  0.830E+00
 -1.471  0.470E+00
 -1.371  0.208E+00
 -1.271  0.248E+00
 -1.171  0.135E+00
 -1.071  0.152E+00
 -0.971  0.268E+00
 -0.871  0.156E+00
 -0.771  0.194E+00
 -0.671  0.146E+00
 -0.571  0.132E+00
 -0.471  0.124E+00
 -0.371  0.140E+00
 -0.271  0.608E-01
 -0.171  0.158E+00
 -0.071  0.948E-01
  0.029  0.644E-01
  0.129  0.166E+00
  0.229  0.368E-01
  0.329  0.142E+00
  0.429  0.109E+00
  0.529  0.452E-01
  0.629  0.117E+00
  0.729  0.117E+00
  0.829  0.800E-01
  0.929  0.398E-01
  1.029  0.144E+00
  1.129  0.102E+00
  1.229  0.226E-01
  1.329  0.117E+00
  1.429  0.946E-01
  1.529  0.476E-01
  1.629  0.131E+00
  1.729  0.442E-01
  1.829  0.276E-01
  1.929  0.187E+00
  2.029  0.390E-01
  2.129  0.174E-01
  2.229  0.143E+00
  2.329  0.764E-01
  2.429  0.360E-01
  2.529  0.141E+00
  2.629  0.368E-01
  2.729  0.278E-01
  2.829  0.174E+00
  2.929  0.528E-01
  3.029  0.162E-01
  3.129  0.116E+00
  3.229  0.726E-01
  3.329  0.508E-01
  3.429  0.102E+00
  3.529  0.616E-01
  3.629  0.192E-01
  3.729  0.111E+00
  3.829  0.900E-01
  3.929  0.206E-01
  4.029  0.766E-01
  4.129  0.636E-01
  4.229  0.588E-01
  4.329  0.824E-01
  4.429  0.446E-01
  4.529  0.430E-01
  4.629  0.624E-01
  4.729  0.634E-01
  4.829  0.590E-01
  4.929  0.468E-01
  5.029  0.216E-01
  5.129  0.808E-01
  5.229  0.468E-01
  5.329  0.189E-01
  5.429  0.720E-01
  5.529  0.131E-01
  5.629  0.568E-01
  5.729  0.364E-01
  5.829  0.173E-01
  5.929  0.380E-01
  6.029  0.254E-01
  6.129  0.188E-01
  6.229  0.164E-01
  6.329  0.612E-02
  6.429  0.242E-03
  6.529  0.396E-06
  6.629  0.127E-02
  6.729  0.150E+00
  6.829  0.486E+00
  6.929  0.568E+00
  7.029  0.386E+00
  7.129  0.322E+00
  7.229  0.228E+00
  7.329  0.316E+00
  7.429  0.448E+00
  7.529  0.222E+00
  7.629  0.192E+00
  7.729  0.210E+00
  7.829  0.368E+00
  7.929  0.638E+00
  8.029  0.442E+00
  8.129  0.344E+00
  8.229  0.282E+00
  8.329  0.210E+00
  8.429  0.224E+00
  8.529  0.194E+00
  8.629  0.173E+00
  8.729  0.117E+00
  8.829  0.129E+00
  8.929  0.151E+00
  9.029  0.356E-01
  9.129  0.490E-01
  9.229  0.146E-01
  9.329  0.464E-01
  9.429  0.104E+00
  9.529  0.218E+00
  9.629  0.196E+00
  9.729  0.123E+00
  9.829  0.506E+00
  9.929  0.944E+00
 10.029  0.490E+00
 10.129  0.540E+00
 10.229  0.352E+00
 10.329  0.360E+00
 10.429  0.382E+00
 10.529  0.143E+00
 10.629  0.288E+00
 10.729  0.276E+00
 10.829  0.382E+00
 10.929  0.143E+00
 11.029  0.956E-01
 11.129  0.230E+00
 11.229  0.133E+00
 11.329  0.109E-01
 11.429  0.157E-01
 11.529  0.320E-01
 11.629  0.109E+00
 11.729  0.162E-01
 11.829  0.154E-01
 11.929  0.168E-01
 12.029  0.898E-01
 12.129  0.454E-01
 12.229  0.956E-02
 12.329  0.228E-01
 12.429  0.364E-01
 12.529  0.914E-01
 12.629  0.640E-02
 12.729  0.374E-01
 12.829  0.868E-01
 12.929  0.170E+00
 13.029  0.117E+00
 13.129  0.362E-01
 13.229  0.926E-01
 13.329  0.133E+00
 13.429  0.404E-01
 13.529  0.746E-01
 13.629  0.104E+00
 13.729  0.636E-01
 13.829  0.892E-01
 13.929  0.846E-01
 14.029  0.123E+00
 14.129  0.910E-01
 14.229  0.688E-01
 14.329  0.374E-01
 14.429  0.668E-01
 14.529  0.638E-01
 14.629  0.436E-01
 14.729  0.340E-01
 14.829  0.776E-01
 14.929  0.102E+00
 15.029  0.280E-01
 15.129  0.452E-01
 15.229  0.108E+00
 15.329  0.872E-01
 15.429  0.526E-01
 15.529  0.118E-01
 15.629  0.916E-01
 15.729  0.942E-01
 15.829  0.193E-01
 15.929  0.364E-01
 16.029  0.580E-01
 16.129  0.780E-01
 16.229  0.240E-01
 16.329  0.492E-01
 16.429  0.314E-01
 16.529  0.484E-01
 16.629  0.476E-01
 16.729  0.392E-01
 16.829  0.175E-01
 16.929  0.396E-01
 17.029  0.654E-01
 17.129  0.268E-01
 17.229  0.200E-01
 17.329  0.338E-01
 17.429  0.580E-01
 17.529  0.250E-01
 17.629  0.296E-01
 17.729  0.554E-01
 17.829  0.780E-02
 17.929  0.250E-02
 18.029  0.436E-01
 18.129  0.210E-01
 18.229  0.170E-02
 18.329  0.132E-01
 18.429  0.300E-01
 18.529  0.126E-01
 18.629  0.118E-01
 18.729  0.230E-01
 18.829  0.330E-02
 18.929  0.278E-01
 19.029  0.172E-01
 19.129  0.153E-02
 19.229  0.588E-02
 19.329  0.132E-01
 19.429  0.970E-02
 19.529  0.556E-03
 19.629  0.290E-02
 19.729  0.624E-02
 19.829  0.186E-01
 19.929  0.976E-03
 20.029  0.500E-05
 20.129  0.185E-02
 20.229  0.168E-01
 20.329  0.878E-02
 20.429  0.306E-02
 20.529  0.558E-02
 20.629  0.664E-02
 20.729  0.103E-02
 20.829  0.508E-02
 20.929  0.183E-02
 21.029  0.264E-02
 21.129  0.105E-02
 21.229  0.234E-03
 21.329  0.164E-05
 21.429  0.156E-09
 21.529  0.228E-15
