 &plot nbnd=  12, nks=    91 /
            0.500000  0.500000  0.500000
   -3.372   -0.754    5.129    5.129    7.880    9.622    9.622   13.901   16.919   16.919
   17.724   17.746
            0.475000  0.475000  0.475000
   -3.409   -0.701    5.133    5.133    7.885    9.628    9.628   13.909   16.667   16.667
   17.599   18.016
            0.450000  0.450000  0.450000
   -3.513   -0.550    5.147    5.147    7.901    9.645    9.645   13.935   16.230   16.230
   17.294   18.510
            0.425000  0.425000  0.425000
   -3.664   -0.321    5.169    5.169    7.926    9.671    9.671   13.976   15.777   15.777
   16.908   19.055
            0.400000  0.400000  0.400000
   -3.843   -0.033    5.201    5.201    7.962    9.705    9.705   14.029   15.339   15.339
   16.493   19.618
            0.375000  0.375000  0.375000
   -4.035    0.300    5.241    5.241    8.008    9.744    9.744   14.085   14.927   14.927
   16.079   20.182
            0.350000  0.350000  0.350000
   -4.231    0.667    5.291    5.291    8.064    9.784    9.784   14.127   14.548   14.548
   15.690   20.263
            0.325000  0.325000  0.325000
   -4.425    1.061    5.349    5.349    8.129    9.820    9.820   14.115   14.208   14.208
   15.369   19.812
            0.300000  0.300000  0.300000
   -4.611    1.477    5.415    5.415    8.203    9.844    9.844   13.916   13.916   13.983
   15.182   19.266
            0.275000  0.275000  0.275000
   -4.787    1.911    5.490    5.490    8.285    9.849    9.849   13.679   13.679   13.708
   15.148   18.696
            0.250000  0.250000  0.250000
   -4.951    2.361    5.572    5.572    8.374    9.828    9.828   13.340   13.503   13.503
   15.209   18.143
            0.225000  0.225000  0.225000
   -5.103    2.824    5.661    5.661    8.468    9.776    9.776   12.929   13.395   13.395
   15.299   17.638
            0.200000  0.200000  0.200000
   -5.240    3.296    5.755    5.755    8.566    9.692    9.692   12.496   13.352   13.352
   15.365   17.222
            0.175000  0.175000  0.175000
   -5.362    3.774    5.853    5.853    8.665    9.582    9.582   12.055   13.371   13.371
   15.344   16.954
            0.150000  0.150000  0.150000
   -5.468    4.254    5.953    5.953    8.761    9.452    9.452   11.612   13.442   13.442
   15.196   16.872
            0.125000  0.125000  0.125000
   -5.559    4.729    6.051    6.051    8.847    9.314    9.314   11.176   13.551   13.551
   14.958   16.937
            0.100000  0.100000  0.100000
   -5.634    5.189    6.144    6.144    8.915    9.179    9.179   10.761   13.683   13.683
   14.701   17.077
            0.075000  0.075000  0.075000
   -5.692    5.618    6.226    6.226    8.952    9.058    9.058   10.391   13.821   13.821
   14.471   17.239
            0.050000  0.050000  0.050000
   -5.734    5.987    6.292    6.292    8.946    8.962    8.962   10.101   13.944   13.944
   14.293   17.387
            0.025000  0.025000  0.025000
   -5.759    6.251    6.334    6.334    8.900    8.900    8.905    9.926   14.031   14.031
   14.181   17.490
            0.000000  0.000000  0.000000
   -5.767    6.349    6.349    6.349    8.879    8.879    8.879    9.870   14.062   14.062
   14.142   17.527
            0.033333  0.000000  0.000000
   -5.762    6.317    6.327    6.327    8.866    8.907    8.907    9.902   14.019   14.068
   14.165   17.536
            0.066667  0.000000  0.000000
   -5.747    6.222    6.264    6.264    8.827    8.989    8.989    9.994   13.898   14.084
   14.232   17.561
            0.100000  0.000000  0.000000
   -5.723    6.075    6.166    6.166    8.766    9.117    9.117   10.135   13.715   14.111
   14.342   17.605
            0.133333  0.000000  0.000000
   -5.688    5.886    6.043    6.043    8.685    9.282    9.282   10.308   13.495   14.150
   14.491   17.665
            0.166667  0.000000  0.000000
   -5.643    5.665    5.902    5.902    8.587    9.476    9.476   10.495   13.261   14.199
   14.675   17.742
            0.200000  0.000000  0.000000
   -5.589    5.422    5.751    5.751    8.476    9.693    9.693   10.672   13.043   14.259
   14.891   17.836
            0.233333  0.000000  0.000000
   -5.525    5.162    5.594    5.594    8.357    9.928    9.928   10.806   12.876   14.330
   15.135   17.947
            0.266667  0.000000  0.000000
   -5.451    4.890    5.434    5.434    8.231   10.176   10.176   10.858   12.803   14.411
   15.403   18.075
            0.300000  0.000000  0.000000
   -5.367    4.609    5.275    5.275    8.102   10.436   10.436   10.800   12.852   14.504
   15.692   18.218
            0.333333  0.000000  0.000000
   -5.274    4.321    5.118    5.118    7.972   10.646   10.704   10.704   13.012   14.608
   15.999   18.377
            0.366667  0.000000  0.000000
   -5.171    4.029    4.965    4.965    7.844   10.428   10.980   10.980   13.250   14.722
   16.321   18.550
            0.400000  0.000000  0.000000
   -5.059    3.732    4.816    4.816    7.718   10.177   11.262   11.262   13.538   14.847
   16.656   18.736
            0.433333  0.000000  0.000000
   -4.937    3.433    4.673    4.673    7.597    9.912   11.549   11.549   13.855   14.983
   17.001   18.932
            0.466667  0.000000  0.000000
   -4.805    3.133    4.537    4.537    7.482    9.643   11.841   11.841   14.191   15.130
   17.354   19.135
            0.500000  0.000000  0.000000
   -4.665    2.830    4.406    4.406    7.372    9.377   12.136   12.136   14.540   15.288
   17.711   19.339
            0.533333  0.000000  0.000000
   -4.515    2.527    4.283    4.283    7.270    9.119   12.435   12.435   14.896   15.456
   18.069   19.535
            0.566667  0.000000  0.000000
   -4.356    2.224    4.168    4.168    7.177    8.871   12.737   12.737   15.256   15.635
   18.424   19.709
            0.600000  0.000000  0.000000
   -4.188    1.920    4.060    4.060    7.092    8.635   13.042   13.042   15.618   15.825
   18.770   19.842
            0.633333  0.000000  0.000000
   -4.012    1.618    3.960    3.960    7.016    8.413   13.349   13.349   15.981   16.026
   19.102   19.905
            0.666667  0.000000  0.000000
   -3.826    1.316    3.869    3.869    6.950    8.203   13.659   13.659   16.237   16.341
   19.410   19.878
            0.700000  0.000000  0.000000
   -3.633    1.016    3.785    3.785    6.894    8.009   13.971   13.971   16.459   16.699
   19.684   19.755
            0.733333  0.000000  0.000000
   -3.431    0.717    3.710    3.710    6.849    7.828   14.286   14.286   16.692   17.051
   19.553   19.553
            0.766667  0.000000  0.000000
   -3.220    0.422    3.644    3.644    6.815    7.663   14.602   14.602   16.935   17.397
   19.297   19.297
            0.800000  0.000000  0.000000
   -3.002    0.129    3.586    3.586    6.792    7.512   14.920   14.920   17.189   17.737
   19.005   19.005
            0.833333  0.000000  0.000000
   -2.776   -0.161    3.538    3.538    6.781    7.376   15.239   15.239   17.453   18.067
   18.695   18.695
            0.866667  0.000000  0.000000
   -2.543   -0.446    3.497    3.497    6.782    7.255   15.557   15.557   17.728   18.375
   18.375   18.388
            0.900000  0.000000  0.000000
   -2.303   -0.728    3.466    3.466    6.795    7.148   15.871   15.871   18.013   18.054
   18.054   18.696
            0.933333  0.000000  0.000000
   -2.056   -1.004    3.444    3.444    6.820    7.055   16.174   16.174   17.746   17.746
   18.308   18.990
            0.966667  0.000000  0.000000
   -1.802   -1.276    3.430    3.430    6.859    6.976   16.436   16.436   17.479   17.479
   18.614   19.255
            1.000000  0.000000  0.000000
   -1.542   -1.542    3.426    3.426    6.911    6.911   16.562   16.562   17.352   17.352
   18.929   18.929
            1.000000  0.025000  0.025000
   -1.544   -1.536    3.386    3.431    6.916    6.969   16.497   16.529   17.269   17.282
   18.998   18.998
            1.000000  0.050000  0.050000
   -1.550   -1.518    3.274    3.444    6.932    7.135   16.322   16.433   17.053   17.101
   19.175   19.185
            1.000000  0.075000  0.075000
   -1.562   -1.488    3.109    3.466    6.958    7.391   16.074   16.286   16.761   16.856
   19.413   19.453
            1.000000  0.100000  0.100000
   -1.580   -1.446    2.915    3.498    6.994    7.716   15.784   16.100   16.432   16.580
   19.679   19.768
            1.000000  0.125000  0.125000
   -1.606   -1.392    2.708    3.538    7.041    8.092   15.472   15.887   16.088   16.290
   19.957   20.112
            1.000000  0.150000  0.150000
   -1.644   -1.327    2.505    3.586    7.097    8.507   15.149   15.655   15.738   15.993
   20.238   20.370
            1.000000  0.175000  0.175000
   -1.694   -1.249    2.315    3.644    7.164    8.952   14.822   15.391   15.412   15.697
   20.517   20.589
            1.000000  0.200000  0.200000
   -1.760   -1.160    2.148    3.709    7.241    9.421   14.496   15.048   15.162   15.404
   20.792   20.806
            1.000000  0.225000  0.225000
   -1.845   -1.058    2.008    3.782    7.326    9.909   14.174   14.713   14.909   15.117
   21.009   21.060
            1.000000  0.250000  0.250000
   -1.948   -0.945    1.901    3.864    7.421   10.412   13.856   14.389   14.656   14.838
   21.164   21.321
            0.966667  0.241667  0.241667
   -1.953   -0.946    1.947    3.840    7.395   10.249   13.877   14.273   14.961   15.024
   21.026   21.066
            0.933333  0.233333  0.233333
   -2.042   -0.868    2.024    3.825    7.381   10.099   13.783   14.059   15.342   15.362
   20.572   20.865
            0.900000  0.225000  0.225000
   -2.193   -0.729    2.126    3.820    7.380    9.963   13.645   13.838   15.724   15.766
   20.095   20.578
            0.866667  0.216667  0.216667
   -2.378   -0.551    2.249    3.824    7.392    9.842   13.491   13.615   16.136   16.161
   19.620   20.218
            0.833333  0.208333  0.208333
   -2.581   -0.350    2.390    3.837    7.415    9.737   13.334   13.392   16.539   16.567
   19.154   19.810
            0.800000  0.200000  0.200000
   -2.792   -0.132    2.545    3.860    7.449    9.650   13.171   13.176   16.886   17.007
   18.701   19.376
            0.766667  0.191667  0.191667
   -3.006    0.099    2.713    3.893    7.493    9.581   12.951   13.019   17.184   17.444
   18.274   18.929
            0.733333  0.183333  0.183333
   -3.218    0.340    2.892    3.935    7.546    9.534   12.732   12.864   17.408   17.691
   18.056   18.479
            0.700000  0.175000  0.175000
   -3.427    0.590    3.079    3.986    7.605    9.509   12.515   12.709   17.363   17.531
   18.037   18.427
            0.666667  0.166667  0.166667
   -3.631    0.850    3.272    4.048    7.668    9.509   12.300   12.554   16.978   17.449
   17.706   18.863
            0.633333  0.158333  0.158333
   -3.828    1.117    3.470    4.118    7.733    9.536   12.087   12.396   16.606   17.053
   17.615   19.279
            0.600000  0.150000  0.150000
   -4.018    1.392    3.672    4.198    7.798    9.592   11.876   12.235   16.255   16.606
   17.525   19.640
            0.566667  0.141667  0.141667
   -4.200    1.674    3.876    4.287    7.863    9.677   11.669   12.067   15.927   16.155
   17.411   19.615
            0.533333  0.133333  0.133333
   -4.374    1.963    4.081    4.385    7.925    9.788   11.467   11.892   15.626   15.707
   17.280   19.276
            0.500000  0.125000  0.125000
   -4.538    2.259    4.286    4.492    7.986    9.924   11.272   11.708   15.265   15.353
   17.134   18.928
            0.466667  0.116667  0.116667
   -4.693    2.561    4.488    4.607    8.046   10.074   11.090   11.512   14.832   15.111
   16.972   18.595
            0.433333  0.108333  0.108333
   -4.839    2.868    4.688    4.731    8.106   10.220   10.937   11.306   14.410   14.899
   16.789   18.295
            0.400000  0.100000  0.100000
   -4.974    3.181    4.862    4.884    8.168   10.306   10.860   11.089   14.007   14.717
   16.578   18.040
            0.366667  0.091667  0.091667
   -5.099    3.498    4.999    5.074    8.233   10.266   10.863   10.915   13.630   14.564
   16.336   17.840
            0.333333  0.083333  0.083333
   -5.214    3.819    5.143    5.258    8.301   10.140   10.629   11.044   13.298   14.438
   16.070   17.693
            0.300000  0.075000  0.075000
   -5.319    4.142    5.293    5.434    8.373    9.985   10.392   11.155   13.042   14.337
   15.788   17.591
            0.266667  0.066667  0.066667
   -5.412    4.465    5.445    5.601    8.448    9.825   10.155   11.180   12.909   14.257
   15.504   17.526
            0.233333  0.058333  0.058333
   -5.495    4.786    5.600    5.757    8.524    9.666    9.920   11.081   12.926   14.196
   15.228   17.488
            0.200000  0.050000  0.050000
   -5.567    5.101    5.753    5.899    8.600    9.512    9.694   10.885   13.064   14.150
   14.969   17.472
            0.166667  0.041667  0.041667
   -5.628    5.406    5.902    6.027    8.673    9.365    9.481   10.644   13.268   14.117
   14.734   17.472
            0.133333  0.033333  0.033333
   -5.678    5.693    6.042    6.137    8.740    9.225    9.287   10.400   13.495   14.094
   14.531   17.481
            0.100000  0.025000  0.025000
   -5.717    5.949    6.165    6.227    8.797    9.097    9.120   10.183   13.713   14.078
   14.366   17.496
            0.066667  0.016667  0.016667
   -5.745    6.159    6.263    6.294    8.841    8.986    8.991   10.013   13.896   14.069
   14.243   17.512
            0.033333  0.008333  0.008333
   -5.762    6.299    6.327    6.335    8.869    8.907    8.908    9.906   14.019   14.064
   14.168   17.523
            0.000000  0.000000  0.000000
   -5.767    6.349    6.349    6.349    8.879    8.879    8.879    9.870   14.062   14.062
   14.142   17.527
