#  E (eV)   dos(E)     Int dos(E) EFermi =    6.477 eV
  -5.767  0.0000E+00  0.0000E+00
  -5.757  0.5548E-03  0.1849E-05
  -5.747  0.2219E-02  0.1479E-04
  -5.737  0.4993E-02  0.4993E-04
  -5.727  0.8877E-02  0.1184E-03
  -5.717  0.1387E-01  0.2312E-03
  -5.707  0.1997E-01  0.3995E-03
  -5.697  0.2719E-01  0.6343E-03
  -5.687  0.3551E-01  0.9469E-03
  -5.677  0.4494E-01  0.1348E-02
  -5.667  0.1057E+00  0.2050E-02
  -5.657  0.1362E+00  0.3307E-02
  -5.647  0.1091E+00  0.4582E-02
  -5.637  0.8662E-01  0.5479E-02
  -5.627  0.9128E-01  0.6368E-02
  -5.617  0.9604E-01  0.7305E-02
  -5.607  0.1009E+00  0.8289E-02
  -5.597  0.1058E+00  0.9323E-02
  -5.587  0.1109E+00  0.1041E-01
  -5.577  0.1160E+00  0.1154E-01
  -5.567  0.1213E+00  0.1273E-01
  -5.557  0.1266E+00  0.1397E-01
  -5.547  0.1320E+00  0.1526E-01
  -5.537  0.1375E+00  0.1661E-01
  -5.527  0.1431E+00  0.1801E-01
  -5.517  0.1500E+00  0.1947E-01
  -5.507  0.1586E+00  0.2102E-01
  -5.497  0.1663E+00  0.2264E-01
  -5.487  0.1730E+00  0.2434E-01
  -5.477  0.1787E+00  0.2610E-01
  -5.467  0.1836E+00  0.2791E-01
  -5.457  0.1875E+00  0.2977E-01
  -5.447  0.1904E+00  0.3166E-01
  -5.437  0.1924E+00  0.3357E-01
  -5.427  0.1922E+00  0.3550E-01
  -5.417  0.1850E+00  0.3738E-01
  -5.407  0.1821E+00  0.3922E-01
  -5.397  0.1835E+00  0.4104E-01
  -5.387  0.1864E+00  0.4289E-01
  -5.377  0.1894E+00  0.4477E-01
  -5.367  0.1925E+00  0.4668E-01
  -5.357  0.1957E+00  0.4862E-01
  -5.347  0.1990E+00  0.5059E-01
  -5.337  0.2023E+00  0.5260E-01
  -5.327  0.2058E+00  0.5464E-01
  -5.317  0.2093E+00  0.5672E-01
  -5.307  0.2129E+00  0.5883E-01
  -5.297  0.2166E+00  0.6097E-01
  -5.287  0.2204E+00  0.6316E-01
  -5.277  0.2242E+00  0.6538E-01
  -5.267  0.2282E+00  0.6764E-01
  -5.257  0.2321E+00  0.6994E-01
  -5.247  0.2361E+00  0.7229E-01
  -5.237  0.2400E+00  0.7467E-01
  -5.227  0.2440E+00  0.7709E-01
  -5.217  0.2480E+00  0.7955E-01
  -5.207  0.2520E+00  0.8205E-01
  -5.197  0.2560E+00  0.8459E-01
  -5.187  0.2600E+00  0.8717E-01
  -5.177  0.2628E+00  0.8978E-01
  -5.167  0.2643E+00  0.9242E-01
  -5.157  0.2647E+00  0.9506E-01
  -5.147  0.2661E+00  0.9772E-01
  -5.137  0.2681E+00  0.1004E+00
  -5.127  0.2701E+00  0.1031E+00
  -5.117  0.2720E+00  0.1058E+00
  -5.107  0.2739E+00  0.1085E+00
  -5.097  0.2757E+00  0.1113E+00
  -5.087  0.2775E+00  0.1140E+00
  -5.077  0.2793E+00  0.1168E+00
  -5.067  0.2809E+00  0.1196E+00
  -5.057  0.2826E+00  0.1224E+00
  -5.047  0.2842E+00  0.1253E+00
  -5.037  0.2857E+00  0.1281E+00
  -5.027  0.2864E+00  0.1310E+00
  -5.017  0.2872E+00  0.1338E+00
  -5.007  0.2883E+00  0.1367E+00
  -4.997  0.2897E+00  0.1396E+00
  -4.987  0.2914E+00  0.1425E+00
  -4.977  0.2933E+00  0.1454E+00
  -4.967  0.2954E+00  0.1484E+00
  -4.957  0.2978E+00  0.1513E+00
  -4.947  0.3005E+00  0.1543E+00
  -4.937  0.3033E+00  0.1574E+00
  -4.927  0.3064E+00  0.1604E+00
  -4.917  0.3095E+00  0.1635E+00
  -4.907  0.3125E+00  0.1666E+00
  -4.897  0.3156E+00  0.1697E+00
  -4.887  0.3188E+00  0.1729E+00
  -4.877  0.3219E+00  0.1761E+00
  -4.867  0.3251E+00  0.1793E+00
  -4.857  0.3282E+00  0.1826E+00
  -4.847  0.3314E+00  0.1859E+00
  -4.837  0.3347E+00  0.1892E+00
  -4.827  0.3379E+00  0.1926E+00
  -4.817  0.3411E+00  0.1960E+00
  -4.807  0.3444E+00  0.1994E+00
  -4.797  0.3477E+00  0.2029E+00
  -4.787  0.3508E+00  0.2064E+00
  -4.777  0.3534E+00  0.2099E+00
  -4.767  0.3558E+00  0.2135E+00
  -4.757  0.3577E+00  0.2170E+00
  -4.747  0.3593E+00  0.2206E+00
  -4.737  0.3605E+00  0.2242E+00
  -4.727  0.3613E+00  0.2278E+00
  -4.717  0.3618E+00  0.2314E+00
  -4.707  0.3617E+00  0.2350E+00
  -4.697  0.3623E+00  0.2387E+00
  -4.687  0.3653E+00  0.2423E+00
  -4.677  0.3672E+00  0.2460E+00
  -4.667  0.3690E+00  0.2496E+00
  -4.657  0.3709E+00  0.2533E+00
  -4.647  0.3727E+00  0.2571E+00
  -4.637  0.3746E+00  0.2608E+00
  -4.627  0.3765E+00  0.2646E+00
  -4.617  0.3784E+00  0.2683E+00
  -4.607  0.3803E+00  0.2721E+00
  -4.597  0.3822E+00  0.2759E+00
  -4.587  0.3841E+00  0.2798E+00
  -4.577  0.3860E+00  0.2836E+00
  -4.567  0.3880E+00  0.2875E+00
  -4.557  0.3899E+00  0.2914E+00
  -4.547  0.3919E+00  0.2953E+00
  -4.537  0.3937E+00  0.2992E+00
  -4.527  0.3956E+00  0.3032E+00
  -4.517  0.3974E+00  0.3071E+00
  -4.507  0.3992E+00  0.3111E+00
  -4.497  0.4011E+00  0.3151E+00
  -4.487  0.4028E+00  0.3191E+00
  -4.477  0.4044E+00  0.3232E+00
  -4.467  0.4062E+00  0.3272E+00
  -4.457  0.4082E+00  0.3313E+00
  -4.447  0.4104E+00  0.3354E+00
  -4.437  0.4128E+00  0.3395E+00
  -4.427  0.4153E+00  0.3436E+00
  -4.417  0.4178E+00  0.3478E+00
  -4.407  0.4204E+00  0.3520E+00
  -4.397  0.4231E+00  0.3562E+00
  -4.387  0.4258E+00  0.3605E+00
  -4.377  0.4286E+00  0.3647E+00
  -4.367  0.4314E+00  0.3690E+00
  -4.357  0.4343E+00  0.3734E+00
  -4.347  0.4372E+00  0.3777E+00
  -4.337  0.4402E+00  0.3821E+00
  -4.327  0.4432E+00  0.3865E+00
  -4.317  0.4462E+00  0.3910E+00
  -4.307  0.4493E+00  0.3954E+00
  -4.297  0.4523E+00  0.4000E+00
  -4.287  0.4555E+00  0.4045E+00
  -4.277  0.4586E+00  0.4091E+00
  -4.267  0.4618E+00  0.4137E+00
  -4.257  0.4649E+00  0.4183E+00
  -4.247  0.4673E+00  0.4230E+00
  -4.237  0.4691E+00  0.4276E+00
  -4.227  0.4706E+00  0.4323E+00
  -4.217  0.4717E+00  0.4371E+00
  -4.207  0.4737E+00  0.4418E+00
  -4.197  0.4756E+00  0.4465E+00
  -4.187  0.4774E+00  0.4513E+00
  -4.177  0.4792E+00  0.4561E+00
  -4.167  0.4809E+00  0.4609E+00
  -4.157  0.4826E+00  0.4657E+00
  -4.147  0.4842E+00  0.4705E+00
  -4.137  0.4857E+00  0.4754E+00
  -4.127  0.4872E+00  0.4802E+00
  -4.117  0.4888E+00  0.4851E+00
  -4.107  0.4907E+00  0.4900E+00
  -4.097  0.4930E+00  0.4949E+00
  -4.087  0.4955E+00  0.4999E+00
  -4.077  0.4982E+00  0.5048E+00
  -4.067  0.5013E+00  0.5098E+00
  -4.057  0.5040E+00  0.5149E+00
  -4.047  0.5066E+00  0.5199E+00
  -4.037  0.5092E+00  0.5250E+00
  -4.027  0.5119E+00  0.5301E+00
  -4.017  0.5146E+00  0.5352E+00
  -4.007  0.5173E+00  0.5404E+00
  -3.997  0.5200E+00  0.5456E+00
  -3.987  0.5228E+00  0.5508E+00
  -3.977  0.5255E+00  0.5560E+00
  -3.967  0.5283E+00  0.5613E+00
  -3.957  0.5311E+00  0.5666E+00
  -3.947  0.5339E+00  0.5719E+00
  -3.937  0.5367E+00  0.5773E+00
  -3.927  0.5396E+00  0.5827E+00
  -3.917  0.5424E+00  0.5881E+00
  -3.907  0.5453E+00  0.5935E+00
  -3.897  0.5482E+00  0.5990E+00
  -3.887  0.5511E+00  0.6045E+00
  -3.877  0.5540E+00  0.6100E+00
  -3.867  0.5569E+00  0.6156E+00
  -3.857  0.5598E+00  0.6211E+00
  -3.847  0.5628E+00  0.6268E+00
  -3.837  0.5657E+00  0.6324E+00
  -3.827  0.5688E+00  0.6381E+00
  -3.817  0.5723E+00  0.6438E+00
  -3.807  0.5759E+00  0.6495E+00
  -3.797  0.5797E+00  0.6553E+00
  -3.787  0.5835E+00  0.6611E+00
  -3.777  0.5875E+00  0.6670E+00
  -3.767  0.5916E+00  0.6729E+00
  -3.757  0.5957E+00  0.6788E+00
  -3.747  0.6000E+00  0.6848E+00
  -3.737  0.6044E+00  0.6908E+00
  -3.727  0.6089E+00  0.6969E+00
  -3.717  0.6134E+00  0.7030E+00
  -3.707  0.6181E+00  0.7091E+00
  -3.697  0.6229E+00  0.7153E+00
  -3.687  0.6279E+00  0.7216E+00
  -3.677  0.6329E+00  0.7279E+00
  -3.667  0.6380E+00  0.7343E+00
  -3.657  0.6431E+00  0.7407E+00
  -3.647  0.6482E+00  0.7471E+00
  -3.637  0.6533E+00  0.7536E+00
  -3.627  0.6585E+00  0.7602E+00
  -3.617  0.6636E+00  0.7668E+00
  -3.607  0.6686E+00  0.7735E+00
  -3.597  0.6734E+00  0.7802E+00
  -3.587  0.6791E+00  0.7869E+00
  -3.577  0.6849E+00  0.7937E+00
  -3.567  0.6909E+00  0.8006E+00
  -3.557  0.6970E+00  0.8076E+00
  -3.547  0.7032E+00  0.8146E+00
  -3.537  0.7095E+00  0.8216E+00
  -3.527  0.7159E+00  0.8288E+00
  -3.517  0.7225E+00  0.8359E+00
  -3.507  0.7292E+00  0.8432E+00
  -3.497  0.7360E+00  0.8505E+00
  -3.487  0.7430E+00  0.8579E+00
  -3.477  0.7518E+00  0.8654E+00
  -3.467  0.7838E+00  0.8730E+00
  -3.457  0.8184E+00  0.8811E+00
  -3.447  0.8324E+00  0.8894E+00
  -3.437  0.8450E+00  0.8977E+00
  -3.427  0.8563E+00  0.9063E+00
  -3.417  0.8663E+00  0.9149E+00
  -3.407  0.8750E+00  0.9236E+00
  -3.397  0.8824E+00  0.9324E+00
  -3.387  0.8885E+00  0.9412E+00
  -3.377  0.8932E+00  0.9501E+00
  -3.367  0.8961E+00  0.9591E+00
  -3.357  0.8931E+00  0.9680E+00
  -3.347  0.8834E+00  0.9769E+00
  -3.337  0.8669E+00  0.9857E+00
  -3.327  0.8613E+00  0.9943E+00
  -3.317  0.8587E+00  0.1003E+01
  -3.307  0.8562E+00  0.1011E+01
  -3.297  0.8538E+00  0.1020E+01
  -3.287  0.8515E+00  0.1029E+01
  -3.277  0.8494E+00  0.1037E+01
  -3.267  0.8474E+00  0.1046E+01
  -3.257  0.8455E+00  0.1054E+01
  -3.247  0.8438E+00  0.1062E+01
  -3.237  0.8422E+00  0.1071E+01
  -3.227  0.8407E+00  0.1079E+01
  -3.217  0.8394E+00  0.1088E+01
  -3.207  0.8382E+00  0.1096E+01
  -3.197  0.8368E+00  0.1104E+01
  -3.187  0.8354E+00  0.1113E+01
  -3.177  0.8340E+00  0.1121E+01
  -3.167  0.8324E+00  0.1129E+01
  -3.157  0.8308E+00  0.1138E+01
  -3.147  0.8292E+00  0.1146E+01
  -3.137  0.8274E+00  0.1154E+01
  -3.127  0.8256E+00  0.1163E+01
  -3.117  0.8171E+00  0.1171E+01
  -3.107  0.8111E+00  0.1179E+01
  -3.097  0.8083E+00  0.1187E+01
  -3.087  0.8074E+00  0.1195E+01
  -3.077  0.8062E+00  0.1203E+01
  -3.067  0.8044E+00  0.1211E+01
  -3.057  0.8023E+00  0.1219E+01
  -3.047  0.7996E+00  0.1227E+01
  -3.037  0.7967E+00  0.1235E+01
  -3.027  0.7954E+00  0.1243E+01
  -3.017  0.7960E+00  0.1251E+01
  -3.007  0.7983E+00  0.1259E+01
  -2.997  0.8024E+00  0.1267E+01
  -2.987  0.8053E+00  0.1275E+01
  -2.977  0.8001E+00  0.1283E+01
  -2.967  0.7936E+00  0.1291E+01
  -2.957  0.7872E+00  0.1299E+01
  -2.947  0.7811E+00  0.1307E+01
  -2.937  0.7752E+00  0.1315E+01
  -2.927  0.7695E+00  0.1323E+01
  -2.917  0.7641E+00  0.1330E+01
  -2.907  0.7589E+00  0.1338E+01
  -2.897  0.7540E+00  0.1345E+01
  -2.887  0.7493E+00  0.1353E+01
  -2.877  0.7449E+00  0.1360E+01
  -2.867  0.7407E+00  0.1368E+01
  -2.857  0.7367E+00  0.1375E+01
  -2.847  0.7328E+00  0.1383E+01
  -2.837  0.7280E+00  0.1390E+01
  -2.827  0.7233E+00  0.1397E+01
  -2.817  0.7188E+00  0.1404E+01
  -2.807  0.7145E+00  0.1411E+01
  -2.797  0.7103E+00  0.1419E+01
  -2.787  0.7063E+00  0.1426E+01
  -2.777  0.7023E+00  0.1433E+01
  -2.767  0.6985E+00  0.1440E+01
  -2.757  0.6948E+00  0.1447E+01
  -2.747  0.6912E+00  0.1454E+01
  -2.737  0.6878E+00  0.1460E+01
  -2.727  0.6845E+00  0.1467E+01
  -2.717  0.6813E+00  0.1474E+01
  -2.707  0.6782E+00  0.1481E+01
  -2.697  0.6753E+00  0.1488E+01
  -2.687  0.6725E+00  0.1494E+01
  -2.677  0.6698E+00  0.1501E+01
  -2.667  0.6673E+00  0.1508E+01
  -2.657  0.6649E+00  0.1515E+01
  -2.647  0.6626E+00  0.1521E+01
  -2.637  0.6604E+00  0.1528E+01
  -2.627  0.6582E+00  0.1534E+01
  -2.617  0.6559E+00  0.1541E+01
  -2.607  0.6535E+00  0.1548E+01
  -2.597  0.6512E+00  0.1554E+01
  -2.587  0.6488E+00  0.1561E+01
  -2.577  0.6463E+00  0.1567E+01
  -2.567  0.6438E+00  0.1573E+01
  -2.557  0.6413E+00  0.1580E+01
  -2.547  0.6388E+00  0.1586E+01
  -2.537  0.6362E+00  0.1593E+01
  -2.527  0.6335E+00  0.1599E+01
  -2.517  0.6308E+00  0.1605E+01
  -2.507  0.6281E+00  0.1612E+01
  -2.497  0.6254E+00  0.1618E+01
  -2.487  0.6240E+00  0.1624E+01
  -2.477  0.6250E+00  0.1630E+01
  -2.467  0.6284E+00  0.1637E+01
  -2.457  0.6342E+00  0.1643E+01
  -2.447  0.6425E+00  0.1649E+01
  -2.437  0.6533E+00  0.1656E+01
  -2.427  0.6665E+00  0.1662E+01
  -2.417  0.6027E+00  0.1669E+01
  -2.407  0.6003E+00  0.1675E+01
  -2.397  0.5982E+00  0.1681E+01
  -2.387  0.5960E+00  0.1687E+01
  -2.377  0.5938E+00  0.1693E+01
  -2.367  0.5915E+00  0.1699E+01
  -2.357  0.5893E+00  0.1705E+01
  -2.347  0.5870E+00  0.1710E+01
  -2.337  0.5847E+00  0.1716E+01
  -2.327  0.5823E+00  0.1722E+01
  -2.317  0.5800E+00  0.1728E+01
  -2.307  0.5776E+00  0.1734E+01
  -2.297  0.5751E+00  0.1740E+01
  -2.287  0.5727E+00  0.1745E+01
  -2.277  0.5702E+00  0.1751E+01
  -2.267  0.5677E+00  0.1757E+01
  -2.257  0.5652E+00  0.1762E+01
  -2.247  0.5626E+00  0.1768E+01
  -2.237  0.5600E+00  0.1774E+01
  -2.227  0.5574E+00  0.1779E+01
  -2.217  0.5548E+00  0.1785E+01
  -2.207  0.5521E+00  0.1790E+01
  -2.197  0.5494E+00  0.1796E+01
  -2.187  0.5467E+00  0.1801E+01
  -2.177  0.5440E+00  0.1807E+01
  -2.167  0.5414E+00  0.1812E+01
  -2.157  0.5401E+00  0.1818E+01
  -2.147  0.5393E+00  0.1823E+01
  -2.137  0.5376E+00  0.1828E+01
  -2.127  0.5357E+00  0.1834E+01
  -2.117  0.5335E+00  0.1839E+01
  -2.107  0.5311E+00  0.1844E+01
  -2.097  0.5283E+00  0.1850E+01
  -2.087  0.5253E+00  0.1855E+01
  -2.077  0.5221E+00  0.1860E+01
  -2.067  0.5185E+00  0.1865E+01
  -2.057  0.5148E+00  0.1871E+01
  -2.047  0.5103E+00  0.1876E+01
  -2.037  0.5042E+00  0.1881E+01
  -2.027  0.4973E+00  0.1886E+01
  -2.017  0.4897E+00  0.1891E+01
  -2.007  0.4813E+00  0.1896E+01
  -1.997  0.4721E+00  0.1900E+01
  -1.987  0.4622E+00  0.1905E+01
  -1.977  0.4515E+00  0.1910E+01
  -1.967  0.4401E+00  0.1914E+01
  -1.957  0.4278E+00  0.1918E+01
  -1.947  0.4149E+00  0.1923E+01
  -1.937  0.4011E+00  0.1927E+01
  -1.927  0.3854E+00  0.1931E+01
  -1.917  0.3690E+00  0.1934E+01
  -1.907  0.3531E+00  0.1938E+01
  -1.897  0.3377E+00  0.1941E+01
  -1.887  0.3228E+00  0.1945E+01
  -1.877  0.3099E+00  0.1948E+01
  -1.867  0.2984E+00  0.1951E+01
  -1.857  0.2870E+00  0.1954E+01
  -1.847  0.2759E+00  0.1957E+01
  -1.837  0.2649E+00  0.1959E+01
  -1.827  0.2541E+00  0.1962E+01
  -1.817  0.2435E+00  0.1964E+01
  -1.807  0.2331E+00  0.1967E+01
  -1.797  0.2229E+00  0.1969E+01
  -1.787  0.2128E+00  0.1971E+01
  -1.777  0.2029E+00  0.1973E+01
  -1.767  0.1933E+00  0.1975E+01
  -1.757  0.1838E+00  0.1977E+01
  -1.747  0.1744E+00  0.1979E+01
  -1.737  0.1653E+00  0.1981E+01
  -1.727  0.1564E+00  0.1982E+01
  -1.717  0.1476E+00  0.1984E+01
  -1.707  0.1390E+00  0.1985E+01
  -1.697  0.1306E+00  0.1987E+01
  -1.687  0.1224E+00  0.1988E+01
  -1.677  0.1143E+00  0.1989E+01
  -1.667  0.1065E+00  0.1990E+01
  -1.657  0.9897E-01  0.1991E+01
  -1.647  0.9168E-01  0.1992E+01
  -1.637  0.8465E-01  0.1993E+01
  -1.627  0.7789E-01  0.1994E+01
  -1.617  0.7139E-01  0.1995E+01
  -1.607  0.6516E-01  0.1995E+01
  -1.597  0.5920E-01  0.1996E+01
  -1.587  0.5350E-01  0.1996E+01
  -1.577  0.4806E-01  0.1997E+01
  -1.567  0.4290E-01  0.1997E+01
  -1.557  0.3800E-01  0.1998E+01
  -1.547  0.3336E-01  0.1998E+01
  -1.537  0.2901E-01  0.1998E+01
  -1.527  0.2509E-01  0.1999E+01
  -1.517  0.2164E-01  0.1999E+01
  -1.507  0.1866E-01  0.1999E+01
  -1.497  0.1644E-01  0.1999E+01
  -1.487  0.1519E-01  0.2000E+01
  -1.477  0.1426E-01  0.2000E+01
  -1.467  0.1365E-01  0.2000E+01
  -1.457  0.1336E-01  0.2000E+01
  -1.447  0.1339E-01  0.2000E+01
  -1.437  0.1373E-01  0.2000E+01
  -1.427  0.1440E-01  0.2000E+01
  -1.417  0.1538E-01  0.2001E+01
  -1.407  0.1670E-01  0.2001E+01
  -1.397  0.1849E-01  0.2001E+01
  -1.387  0.2080E-01  0.2001E+01
  -1.377  0.2361E-01  0.2001E+01
  -1.367  0.2693E-01  0.2002E+01
  -1.357  0.3071E-01  0.2002E+01
  -1.347  0.3479E-01  0.2002E+01
  -1.337  0.3915E-01  0.2002E+01
  -1.327  0.4379E-01  0.2003E+01
  -1.317  0.4871E-01  0.2003E+01
  -1.307  0.5391E-01  0.2004E+01
  -1.297  0.5939E-01  0.2004E+01
  -1.287  0.6515E-01  0.2005E+01
  -1.277  0.7119E-01  0.2006E+01
  -1.267  0.7745E-01  0.2006E+01
  -1.257  0.8386E-01  0.2007E+01
  -1.247  0.9042E-01  0.2008E+01
  -1.237  0.9712E-01  0.2009E+01
  -1.227  0.1040E+00  0.2010E+01
  -1.217  0.1110E+00  0.2011E+01
  -1.207  0.1181E+00  0.2012E+01
  -1.197  0.1254E+00  0.2014E+01
  -1.187  0.1328E+00  0.2015E+01
  -1.177  0.1404E+00  0.2016E+01
  -1.167  0.1481E+00  0.2018E+01
  -1.157  0.1560E+00  0.2019E+01
  -1.147  0.1640E+00  0.2021E+01
  -1.137  0.1722E+00  0.2022E+01
  -1.127  0.1805E+00  0.2024E+01
  -1.117  0.1889E+00  0.2026E+01
  -1.107  0.1975E+00  0.2028E+01
  -1.097  0.2063E+00  0.2030E+01
  -1.087  0.2152E+00  0.2032E+01
  -1.077  0.2242E+00  0.2034E+01
  -1.067  0.2334E+00  0.2037E+01
  -1.057  0.2427E+00  0.2039E+01
  -1.047  0.2522E+00  0.2041E+01
  -1.037  0.2618E+00  0.2044E+01
  -1.027  0.2716E+00  0.2047E+01
  -1.017  0.2815E+00  0.2049E+01
  -1.007  0.2915E+00  0.2052E+01
  -0.997  0.3018E+00  0.2055E+01
  -0.987  0.3121E+00  0.2058E+01
  -0.977  0.3226E+00  0.2062E+01
  -0.967  0.3351E+00  0.2065E+01
  -0.957  0.3507E+00  0.2068E+01
  -0.947  0.3662E+00  0.2072E+01
  -0.937  0.3818E+00  0.2076E+01
  -0.927  0.3973E+00  0.2079E+01
  -0.917  0.4128E+00  0.2084E+01
  -0.907  0.4283E+00  0.2088E+01
  -0.897  0.4438E+00  0.2092E+01
  -0.887  0.4593E+00  0.2097E+01
  -0.877  0.4747E+00  0.2101E+01
  -0.867  0.4902E+00  0.2106E+01
  -0.857  0.5055E+00  0.2111E+01
  -0.847  0.5174E+00  0.2116E+01
  -0.837  0.5268E+00  0.2121E+01
  -0.827  0.5360E+00  0.2127E+01
  -0.817  0.5448E+00  0.2132E+01
  -0.807  0.5534E+00  0.2138E+01
  -0.797  0.5617E+00  0.2143E+01
  -0.787  0.5698E+00  0.2149E+01
  -0.777  0.5775E+00  0.2155E+01
  -0.767  0.5843E+00  0.2160E+01
  -0.757  0.5909E+00  0.2166E+01
  -0.747  0.5982E+00  0.2172E+01
  -0.737  0.6074E+00  0.2178E+01
  -0.727  0.6185E+00  0.2184E+01
  -0.717  0.6317E+00  0.2191E+01
  -0.707  0.6469E+00  0.2197E+01
  -0.697  0.6640E+00  0.2204E+01
  -0.687  0.6832E+00  0.2210E+01
  -0.677  0.7043E+00  0.2217E+01
  -0.667  0.7274E+00  0.2224E+01
  -0.657  0.7526E+00  0.2232E+01
  -0.647  0.7797E+00  0.2239E+01
  -0.637  0.8815E+00  0.2248E+01
  -0.627  0.8650E+00  0.2256E+01
  -0.617  0.9052E+00  0.2265E+01
  -0.607  0.9489E+00  0.2275E+01
  -0.597  0.9965E+00  0.2284E+01
  -0.587  0.1048E+01  0.2295E+01
  -0.577  0.1103E+01  0.2305E+01
  -0.567  0.1162E+01  0.2317E+01
  -0.557  0.1232E+01  0.2329E+01
  -0.547  0.1319E+01  0.2341E+01
  -0.537  0.1423E+01  0.2355E+01
  -0.527  0.1539E+01  0.2370E+01
  -0.517  0.1546E+01  0.2385E+01
  -0.507  0.1547E+01  0.2401E+01
  -0.497  0.1544E+01  0.2416E+01
  -0.487  0.1537E+01  0.2432E+01
  -0.477  0.1514E+01  0.2447E+01
  -0.467  0.1487E+01  0.2462E+01
  -0.457  0.1461E+01  0.2477E+01
  -0.447  0.1444E+01  0.2491E+01
  -0.437  0.1429E+01  0.2505E+01
  -0.427  0.1412E+01  0.2520E+01
  -0.417  0.1395E+01  0.2534E+01
  -0.407  0.1376E+01  0.2548E+01
  -0.397  0.1357E+01  0.2561E+01
  -0.387  0.1336E+01  0.2575E+01
  -0.377  0.1315E+01  0.2588E+01
  -0.367  0.1292E+01  0.2601E+01
  -0.357  0.1269E+01  0.2614E+01
  -0.347  0.1246E+01  0.2626E+01
  -0.337  0.1222E+01  0.2639E+01
  -0.327  0.1198E+01  0.2651E+01
  -0.317  0.1174E+01  0.2663E+01
  -0.307  0.1150E+01  0.2674E+01
  -0.297  0.1126E+01  0.2686E+01
  -0.287  0.1101E+01  0.2697E+01
  -0.277  0.1076E+01  0.2708E+01
  -0.267  0.1051E+01  0.2718E+01
  -0.257  0.1027E+01  0.2729E+01
  -0.247  0.1004E+01  0.2739E+01
  -0.237  0.9819E+00  0.2749E+01
  -0.227  0.9609E+00  0.2759E+01
  -0.217  0.9408E+00  0.2768E+01
  -0.207  0.9217E+00  0.2777E+01
  -0.197  0.9035E+00  0.2786E+01
  -0.187  0.8862E+00  0.2795E+01
  -0.177  0.8699E+00  0.2804E+01
  -0.167  0.8545E+00  0.2813E+01
  -0.157  0.8401E+00  0.2821E+01
  -0.147  0.8266E+00  0.2830E+01
  -0.137  0.8140E+00  0.2838E+01
  -0.127  0.8024E+00  0.2846E+01
  -0.117  0.7918E+00  0.2854E+01
  -0.107  0.7824E+00  0.2862E+01
  -0.097  0.7736E+00  0.2870E+01
  -0.087  0.7650E+00  0.2877E+01
  -0.077  0.7565E+00  0.2885E+01
  -0.067  0.7482E+00  0.2892E+01
  -0.057  0.7400E+00  0.2900E+01
  -0.047  0.7319E+00  0.2907E+01
  -0.037  0.7240E+00  0.2914E+01
  -0.027  0.7162E+00  0.2922E+01
  -0.017  0.7091E+00  0.2929E+01
  -0.007  0.7024E+00  0.2936E+01
   0.003  0.6957E+00  0.2943E+01
   0.013  0.6891E+00  0.2950E+01
   0.023  0.6825E+00  0.2957E+01
   0.033  0.6759E+00  0.2963E+01
   0.043  0.6693E+00  0.2970E+01
   0.053  0.6629E+00  0.2977E+01
   0.063  0.6564E+00  0.2983E+01
   0.073  0.6500E+00  0.2990E+01
   0.083  0.6435E+00  0.2996E+01
   0.093  0.6371E+00  0.3003E+01
   0.103  0.6308E+00  0.3009E+01
   0.113  0.6246E+00  0.3015E+01
   0.123  0.6186E+00  0.3022E+01
   0.133  0.6128E+00  0.3028E+01
   0.143  0.6070E+00  0.3034E+01
   0.153  0.6014E+00  0.3040E+01
   0.163  0.5960E+00  0.3046E+01
   0.173  0.5906E+00  0.3052E+01
   0.183  0.5854E+00  0.3058E+01
   0.193  0.5803E+00  0.3064E+01
   0.203  0.5754E+00  0.3069E+01
   0.213  0.5706E+00  0.3075E+01
   0.223  0.5659E+00  0.3081E+01
   0.233  0.5613E+00  0.3086E+01
   0.243  0.5568E+00  0.3092E+01
   0.253  0.5525E+00  0.3097E+01
   0.263  0.5483E+00  0.3103E+01
   0.273  0.5441E+00  0.3108E+01
   0.283  0.5398E+00  0.3114E+01
   0.293  0.5360E+00  0.3119E+01
   0.303  0.5324E+00  0.3125E+01
   0.313  0.5289E+00  0.3130E+01
   0.323  0.5253E+00  0.3135E+01
   0.333  0.5218E+00  0.3140E+01
   0.343  0.5184E+00  0.3146E+01
   0.353  0.5149E+00  0.3151E+01
   0.363  0.5115E+00  0.3156E+01
   0.373  0.5081E+00  0.3161E+01
   0.383  0.5047E+00  0.3166E+01
   0.393  0.5014E+00  0.3171E+01
   0.403  0.4981E+00  0.3176E+01
   0.413  0.4948E+00  0.3181E+01
   0.423  0.4915E+00  0.3186E+01
   0.433  0.4883E+00  0.3191E+01
   0.443  0.4851E+00  0.3196E+01
   0.453  0.4819E+00  0.3201E+01
   0.463  0.4788E+00  0.3205E+01
   0.473  0.4757E+00  0.3210E+01
   0.483  0.4726E+00  0.3215E+01
   0.493  0.4695E+00  0.3220E+01
   0.503  0.4665E+00  0.3224E+01
   0.513  0.4635E+00  0.3229E+01
   0.523  0.4605E+00  0.3234E+01
   0.533  0.4575E+00  0.3238E+01
   0.543  0.4546E+00  0.3243E+01
   0.553  0.4517E+00  0.3247E+01
   0.563  0.4488E+00  0.3252E+01
   0.573  0.4459E+00  0.3256E+01
   0.583  0.4430E+00  0.3261E+01
   0.593  0.4402E+00  0.3265E+01
   0.603  0.4374E+00  0.3269E+01
   0.613  0.4345E+00  0.3274E+01
   0.623  0.4319E+00  0.3278E+01
   0.633  0.4309E+00  0.3282E+01
   0.643  0.4295E+00  0.3287E+01
   0.653  0.4278E+00  0.3291E+01
   0.663  0.4258E+00  0.3295E+01
   0.673  0.4236E+00  0.3300E+01
   0.683  0.4212E+00  0.3304E+01
   0.693  0.4189E+00  0.3308E+01
   0.703  0.4166E+00  0.3312E+01
   0.713  0.4142E+00  0.3316E+01
   0.723  0.4118E+00  0.3320E+01
   0.733  0.4094E+00  0.3325E+01
   0.743  0.4069E+00  0.3329E+01
   0.753  0.4045E+00  0.3333E+01
   0.763  0.4020E+00  0.3337E+01
   0.773  0.3995E+00  0.3341E+01
   0.783  0.3970E+00  0.3345E+01
   0.793  0.3944E+00  0.3349E+01
   0.803  0.3919E+00  0.3353E+01
   0.813  0.3893E+00  0.3357E+01
   0.823  0.3867E+00  0.3360E+01
   0.833  0.3841E+00  0.3364E+01
   0.843  0.3816E+00  0.3368E+01
   0.853  0.3791E+00  0.3372E+01
   0.863  0.3766E+00  0.3376E+01
   0.873  0.3742E+00  0.3379E+01
   0.883  0.3718E+00  0.3383E+01
   0.893  0.3695E+00  0.3387E+01
   0.903  0.3672E+00  0.3391E+01
   0.913  0.3649E+00  0.3394E+01
   0.923  0.3626E+00  0.3398E+01
   0.933  0.3604E+00  0.3401E+01
   0.943  0.3582E+00  0.3405E+01
   0.953  0.3560E+00  0.3409E+01
   0.963  0.3539E+00  0.3412E+01
   0.973  0.3518E+00  0.3416E+01
   0.983  0.3497E+00  0.3419E+01
   0.993  0.3477E+00  0.3423E+01
   1.003  0.3457E+00  0.3426E+01
   1.013  0.3437E+00  0.3430E+01
   1.023  0.3418E+00  0.3433E+01
   1.033  0.3398E+00  0.3436E+01
   1.043  0.3379E+00  0.3440E+01
   1.053  0.3359E+00  0.3443E+01
   1.063  0.3340E+00  0.3447E+01
   1.073  0.3321E+00  0.3450E+01
   1.083  0.3302E+00  0.3453E+01
   1.093  0.3283E+00  0.3456E+01
   1.103  0.3265E+00  0.3460E+01
   1.113  0.3246E+00  0.3463E+01
   1.123  0.3228E+00  0.3466E+01
   1.133  0.3209E+00  0.3469E+01
   1.143  0.3191E+00  0.3473E+01
   1.153  0.3173E+00  0.3476E+01
   1.163  0.3154E+00  0.3479E+01
   1.173  0.3137E+00  0.3482E+01
   1.183  0.3119E+00  0.3485E+01
   1.193  0.3101E+00  0.3488E+01
   1.203  0.3084E+00  0.3491E+01
   1.213  0.3068E+00  0.3495E+01
   1.223  0.3051E+00  0.3498E+01
   1.233  0.3035E+00  0.3501E+01
   1.243  0.3018E+00  0.3504E+01
   1.253  0.3003E+00  0.3507E+01
   1.263  0.2987E+00  0.3510E+01
   1.273  0.2972E+00  0.3513E+01
   1.283  0.2957E+00  0.3516E+01
   1.293  0.2942E+00  0.3519E+01
   1.303  0.2927E+00  0.3522E+01
   1.313  0.2913E+00  0.3524E+01
   1.323  0.2899E+00  0.3527E+01
   1.333  0.2885E+00  0.3530E+01
   1.343  0.2872E+00  0.3533E+01
   1.353  0.2860E+00  0.3536E+01
   1.363  0.2847E+00  0.3539E+01
   1.373  0.2835E+00  0.3542E+01
   1.383  0.2822E+00  0.3545E+01
   1.393  0.2810E+00  0.3547E+01
   1.403  0.2797E+00  0.3550E+01
   1.413  0.2784E+00  0.3553E+01
   1.423  0.2772E+00  0.3556E+01
   1.433  0.2759E+00  0.3558E+01
   1.443  0.2749E+00  0.3561E+01
   1.453  0.2740E+00  0.3564E+01
   1.463  0.2730E+00  0.3567E+01
   1.473  0.2720E+00  0.3569E+01
   1.483  0.2710E+00  0.3572E+01
   1.493  0.2700E+00  0.3575E+01
   1.503  0.2689E+00  0.3578E+01
   1.513  0.2677E+00  0.3580E+01
   1.523  0.2666E+00  0.3583E+01
   1.533  0.2654E+00  0.3586E+01
   1.543  0.2642E+00  0.3588E+01
   1.553  0.2629E+00  0.3591E+01
   1.563  0.2617E+00  0.3593E+01
   1.573  0.2603E+00  0.3596E+01
   1.583  0.2590E+00  0.3599E+01
   1.593  0.2576E+00  0.3601E+01
   1.603  0.2562E+00  0.3604E+01
   1.613  0.2548E+00  0.3606E+01
   1.623  0.2533E+00  0.3609E+01
   1.633  0.2516E+00  0.3611E+01
   1.643  0.2499E+00  0.3614E+01
   1.653  0.2483E+00  0.3616E+01
   1.663  0.2466E+00  0.3619E+01
   1.673  0.2450E+00  0.3621E+01
   1.683  0.2434E+00  0.3624E+01
   1.693  0.2418E+00  0.3626E+01
   1.703  0.2402E+00  0.3629E+01
   1.713  0.2387E+00  0.3631E+01
   1.723  0.2372E+00  0.3633E+01
   1.733  0.2356E+00  0.3636E+01
   1.743  0.2341E+00  0.3638E+01
   1.753  0.2326E+00  0.3640E+01
   1.763  0.2312E+00  0.3643E+01
   1.773  0.2297E+00  0.3645E+01
   1.783  0.2283E+00  0.3647E+01
   1.793  0.2270E+00  0.3650E+01
   1.803  0.2268E+00  0.3652E+01
   1.813  0.2280E+00  0.3654E+01
   1.823  0.2304E+00  0.3656E+01
   1.833  0.2341E+00  0.3659E+01
   1.843  0.2391E+00  0.3661E+01
   1.853  0.2454E+00  0.3664E+01
   1.863  0.2530E+00  0.3666E+01
   1.873  0.2619E+00  0.3669E+01
   1.883  0.2721E+00  0.3671E+01
   1.893  0.2835E+00  0.3674E+01
   1.903  0.2962E+00  0.3677E+01
   1.913  0.3105E+00  0.3680E+01
   1.923  0.3260E+00  0.3683E+01
   1.933  0.3428E+00  0.3687E+01
   1.943  0.3609E+00  0.3690E+01
   1.953  0.3803E+00  0.3694E+01
   1.963  0.4884E+00  0.3698E+01
   1.973  0.5839E+00  0.3703E+01
   1.983  0.6578E+00  0.3710E+01
   1.993  0.7061E+00  0.3717E+01
   2.003  0.7468E+00  0.3724E+01
   2.013  0.7960E+00  0.3732E+01
   2.023  0.8426E+00  0.3740E+01
   2.033  0.8867E+00  0.3748E+01
   2.043  0.9282E+00  0.3757E+01
   2.053  0.9671E+00  0.3767E+01
   2.063  0.1003E+01  0.3777E+01
   2.073  0.1032E+01  0.3787E+01
   2.083  0.1059E+01  0.3797E+01
   2.093  0.1087E+01  0.3808E+01
   2.103  0.1113E+01  0.3819E+01
   2.113  0.1139E+01  0.3830E+01
   2.123  0.1164E+01  0.3842E+01
   2.133  0.1181E+01  0.3854E+01
   2.143  0.1190E+01  0.3865E+01
   2.153  0.1198E+01  0.3877E+01
   2.163  0.1204E+01  0.3889E+01
   2.173  0.1209E+01  0.3902E+01
   2.183  0.1212E+01  0.3914E+01
   2.193  0.1214E+01  0.3926E+01
   2.203  0.1215E+01  0.3938E+01
   2.213  0.1212E+01  0.3950E+01
   2.223  0.1206E+01  0.3962E+01
   2.233  0.1199E+01  0.3974E+01
   2.243  0.1192E+01  0.3986E+01
   2.253  0.1184E+01  0.3998E+01
   2.263  0.1175E+01  0.4010E+01
   2.273  0.1166E+01  0.4021E+01
   2.283  0.1156E+01  0.4033E+01
   2.293  0.1146E+01  0.4045E+01
   2.303  0.1138E+01  0.4056E+01
   2.313  0.1129E+01  0.4067E+01
   2.323  0.1121E+01  0.4079E+01
   2.333  0.1115E+01  0.4090E+01
   2.343  0.1111E+01  0.4101E+01
   2.353  0.1108E+01  0.4112E+01
   2.363  0.1105E+01  0.4123E+01
   2.373  0.1102E+01  0.4134E+01
   2.383  0.1100E+01  0.4145E+01
   2.393  0.1098E+01  0.4156E+01
   2.403  0.1095E+01  0.4167E+01
   2.413  0.1093E+01  0.4178E+01
   2.423  0.1091E+01  0.4189E+01
   2.433  0.1090E+01  0.4200E+01
   2.443  0.1088E+01  0.4211E+01
   2.453  0.1087E+01  0.4222E+01
   2.463  0.1089E+01  0.4232E+01
   2.473  0.1117E+01  0.4243E+01
   2.483  0.1104E+01  0.4255E+01
   2.493  0.1088E+01  0.4266E+01
   2.503  0.1074E+01  0.4276E+01
   2.513  0.1061E+01  0.4287E+01
   2.523  0.1050E+01  0.4298E+01
   2.533  0.1041E+01  0.4308E+01
   2.543  0.1032E+01  0.4318E+01
   2.553  0.1025E+01  0.4329E+01
   2.563  0.1020E+01  0.4339E+01
   2.573  0.1016E+01  0.4349E+01
   2.583  0.1014E+01  0.4359E+01
   2.593  0.1012E+01  0.4369E+01
   2.603  0.1011E+01  0.4379E+01
   2.613  0.1009E+01  0.4390E+01
   2.623  0.1008E+01  0.4400E+01
   2.633  0.1007E+01  0.4410E+01
   2.643  0.1006E+01  0.4420E+01
   2.653  0.1005E+01  0.4430E+01
   2.663  0.1005E+01  0.4440E+01
   2.673  0.1014E+01  0.4450E+01
   2.683  0.1020E+01  0.4460E+01
   2.693  0.1021E+01  0.4470E+01
   2.703  0.1019E+01  0.4481E+01
   2.713  0.1012E+01  0.4491E+01
   2.723  0.1001E+01  0.4501E+01
   2.733  0.9895E+00  0.4511E+01
   2.743  0.9877E+00  0.4521E+01
   2.753  0.9868E+00  0.4531E+01
   2.763  0.9869E+00  0.4540E+01
   2.773  0.9878E+00  0.4550E+01
   2.783  0.9896E+00  0.4560E+01
   2.793  0.9924E+00  0.4570E+01
   2.803  0.9951E+00  0.4580E+01
   2.813  0.9972E+00  0.4590E+01
   2.823  0.9984E+00  0.4600E+01
   2.833  0.9997E+00  0.4610E+01
   2.843  0.1001E+01  0.4620E+01
   2.853  0.1003E+01  0.4630E+01
   2.863  0.1005E+01  0.4640E+01
   2.873  0.1008E+01  0.4650E+01
   2.883  0.1010E+01  0.4660E+01
   2.893  0.1013E+01  0.4670E+01
   2.903  0.1017E+01  0.4680E+01
   2.913  0.1020E+01  0.4691E+01
   2.923  0.1024E+01  0.4701E+01
   2.933  0.1028E+01  0.4711E+01
   2.943  0.1032E+01  0.4721E+01
   2.953  0.1035E+01  0.4732E+01
   2.963  0.1039E+01  0.4742E+01
   2.973  0.1043E+01  0.4752E+01
   2.983  0.1047E+01  0.4763E+01
   2.993  0.1051E+01  0.4773E+01
   3.003  0.1056E+01  0.4784E+01
   3.013  0.1060E+01  0.4795E+01
   3.023  0.1065E+01  0.4805E+01
   3.033  0.1070E+01  0.4816E+01
   3.043  0.1075E+01  0.4827E+01
   3.053  0.1080E+01  0.4837E+01
   3.063  0.1086E+01  0.4848E+01
   3.073  0.1091E+01  0.4859E+01
   3.083  0.1155E+01  0.4870E+01
   3.093  0.1294E+01  0.4883E+01
   3.103  0.1179E+01  0.4895E+01
   3.113  0.1179E+01  0.4907E+01
   3.123  0.1176E+01  0.4918E+01
   3.133  0.1170E+01  0.4930E+01
   3.143  0.1174E+01  0.4942E+01
   3.153  0.1179E+01  0.4954E+01
   3.163  0.1184E+01  0.4965E+01
   3.173  0.1191E+01  0.4977E+01
   3.183  0.1198E+01  0.4989E+01
   3.193  0.1206E+01  0.5001E+01
   3.203  0.1214E+01  0.5013E+01
   3.213  0.1223E+01  0.5026E+01
   3.223  0.1232E+01  0.5038E+01
   3.233  0.1241E+01  0.5050E+01
   3.243  0.1250E+01  0.5063E+01
   3.253  0.1259E+01  0.5075E+01
   3.263  0.1268E+01  0.5088E+01
   3.273  0.1277E+01  0.5101E+01
   3.283  0.1287E+01  0.5113E+01
   3.293  0.1297E+01  0.5126E+01
   3.303  0.1310E+01  0.5139E+01
   3.313  0.1325E+01  0.5152E+01
   3.323  0.1341E+01  0.5166E+01
   3.333  0.1358E+01  0.5179E+01
   3.343  0.1374E+01  0.5193E+01
   3.353  0.1389E+01  0.5207E+01
   3.363  0.1410E+01  0.5221E+01
   3.373  0.1442E+01  0.5235E+01
   3.383  0.1470E+01  0.5250E+01
   3.393  0.1494E+01  0.5264E+01
   3.403  0.1503E+01  0.5279E+01
   3.413  0.1498E+01  0.5294E+01
   3.423  0.1483E+01  0.5309E+01
   3.433  0.1490E+01  0.5324E+01
   3.443  0.1499E+01  0.5339E+01
   3.453  0.1507E+01  0.5354E+01
   3.463  0.1514E+01  0.5369E+01
   3.473  0.1519E+01  0.5384E+01
   3.483  0.1523E+01  0.5400E+01
   3.493  0.1525E+01  0.5415E+01
   3.503  0.1526E+01  0.5430E+01
   3.513  0.1501E+01  0.5445E+01
   3.523  0.1483E+01  0.5460E+01
   3.533  0.1472E+01  0.5475E+01
   3.543  0.1469E+01  0.5490E+01
   3.553  0.1467E+01  0.5504E+01
   3.563  0.1465E+01  0.5519E+01
   3.573  0.1464E+01  0.5534E+01
   3.583  0.1464E+01  0.5548E+01
   3.593  0.1464E+01  0.5563E+01
   3.603  0.1465E+01  0.5578E+01
   3.613  0.1466E+01  0.5592E+01
   3.623  0.1469E+01  0.5607E+01
   3.633  0.1472E+01  0.5622E+01
   3.643  0.1486E+01  0.5636E+01
   3.653  0.1523E+01  0.5651E+01
   3.663  0.1520E+01  0.5667E+01
   3.673  0.1518E+01  0.5682E+01
   3.683  0.1515E+01  0.5697E+01
   3.693  0.1511E+01  0.5712E+01
   3.703  0.1504E+01  0.5727E+01
   3.713  0.1496E+01  0.5742E+01
   3.723  0.1488E+01  0.5757E+01
   3.733  0.1484E+01  0.5772E+01
   3.743  0.1476E+01  0.5787E+01
   3.753  0.1468E+01  0.5802E+01
   3.763  0.1461E+01  0.5816E+01
   3.773  0.1454E+01  0.5831E+01
   3.783  0.1448E+01  0.5845E+01
   3.793  0.1442E+01  0.5860E+01
   3.803  0.1436E+01  0.5874E+01
   3.813  0.1431E+01  0.5888E+01
   3.823  0.1427E+01  0.5903E+01
   3.833  0.1423E+01  0.5917E+01
   3.843  0.1419E+01  0.5931E+01
   3.853  0.1409E+01  0.5945E+01
   3.863  0.1402E+01  0.5959E+01
   3.873  0.1400E+01  0.5973E+01
   3.883  0.1401E+01  0.5987E+01
   3.893  0.1406E+01  0.6001E+01
   3.903  0.1414E+01  0.6016E+01
   3.913  0.1424E+01  0.6030E+01
   3.923  0.1438E+01  0.6044E+01
   3.933  0.1458E+01  0.6059E+01
   3.943  0.1408E+01  0.6073E+01
   3.953  0.1385E+01  0.6087E+01
   3.963  0.1381E+01  0.6101E+01
   3.973  0.1376E+01  0.6114E+01
   3.983  0.1372E+01  0.6128E+01
   3.993  0.1368E+01  0.6142E+01
   4.003  0.1364E+01  0.6156E+01
   4.013  0.1360E+01  0.6169E+01
   4.023  0.1355E+01  0.6183E+01
   4.033  0.1351E+01  0.6196E+01
   4.043  0.1347E+01  0.6210E+01
   4.053  0.1343E+01  0.6223E+01
   4.063  0.1339E+01  0.6237E+01
   4.073  0.1335E+01  0.6250E+01
   4.083  0.1332E+01  0.6263E+01
   4.093  0.1329E+01  0.6277E+01
   4.103  0.1328E+01  0.6290E+01
   4.113  0.1329E+01  0.6303E+01
   4.123  0.1332E+01  0.6316E+01
   4.133  0.1337E+01  0.6330E+01
   4.143  0.1347E+01  0.6343E+01
   4.153  0.1363E+01  0.6357E+01
   4.163  0.1349E+01  0.6370E+01
   4.173  0.1343E+01  0.6384E+01
   4.183  0.1337E+01  0.6397E+01
   4.193  0.1332E+01  0.6411E+01
   4.203  0.1327E+01  0.6424E+01
   4.213  0.1323E+01  0.6437E+01
   4.223  0.1319E+01  0.6450E+01
   4.233  0.1316E+01  0.6464E+01
   4.243  0.1312E+01  0.6477E+01
   4.253  0.1309E+01  0.6490E+01
   4.263  0.1307E+01  0.6503E+01
   4.273  0.1305E+01  0.6516E+01
   4.283  0.1303E+01  0.6529E+01
   4.293  0.1301E+01  0.6542E+01
   4.303  0.1300E+01  0.6555E+01
   4.313  0.1299E+01  0.6568E+01
   4.323  0.1297E+01  0.6581E+01
   4.333  0.1295E+01  0.6594E+01
   4.343  0.1293E+01  0.6607E+01
   4.353  0.1291E+01  0.6620E+01
   4.363  0.1289E+01  0.6633E+01
   4.373  0.1288E+01  0.6646E+01
   4.383  0.1286E+01  0.6658E+01
   4.393  0.1285E+01  0.6671E+01
   4.403  0.1284E+01  0.6684E+01
   4.413  0.1281E+01  0.6697E+01
   4.423  0.1278E+01  0.6710E+01
   4.433  0.1286E+01  0.6723E+01
   4.443  0.1314E+01  0.6736E+01
   4.453  0.1332E+01  0.6749E+01
   4.463  0.1336E+01  0.6762E+01
   4.473  0.1336E+01  0.6775E+01
   4.483  0.1332E+01  0.6789E+01
   4.493  0.1325E+01  0.6802E+01
   4.503  0.1315E+01  0.6815E+01
   4.513  0.1301E+01  0.6828E+01
   4.523  0.1285E+01  0.6841E+01
   4.533  0.1270E+01  0.6854E+01
   4.543  0.1266E+01  0.6867E+01
   4.553  0.1262E+01  0.6879E+01
   4.563  0.1258E+01  0.6892E+01
   4.573  0.1255E+01  0.6905E+01
   4.583  0.1251E+01  0.6917E+01
   4.593  0.1248E+01  0.6930E+01
   4.603  0.1245E+01  0.6942E+01
   4.613  0.1242E+01  0.6954E+01
   4.623  0.1239E+01  0.6967E+01
   4.633  0.1236E+01  0.6979E+01
   4.643  0.1234E+01  0.6992E+01
   4.653  0.1232E+01  0.7004E+01
   4.663  0.1240E+01  0.7016E+01
   4.673  0.1260E+01  0.7029E+01
   4.683  0.1275E+01  0.7041E+01
   4.693  0.1285E+01  0.7054E+01
   4.703  0.1289E+01  0.7067E+01
   4.713  0.1286E+01  0.7080E+01
   4.723  0.1277E+01  0.7093E+01
   4.733  0.1267E+01  0.7106E+01
   4.743  0.1257E+01  0.7118E+01
   4.753  0.1247E+01  0.7131E+01
   4.763  0.1237E+01  0.7143E+01
   4.773  0.1227E+01  0.7155E+01
   4.783  0.1221E+01  0.7168E+01
   4.793  0.1216E+01  0.7180E+01
   4.803  0.1212E+01  0.7192E+01
   4.813  0.1207E+01  0.7204E+01
   4.823  0.1202E+01  0.7216E+01
   4.833  0.1196E+01  0.7228E+01
   4.843  0.1191E+01  0.7240E+01
   4.853  0.1185E+01  0.7252E+01
   4.863  0.1180E+01  0.7264E+01
   4.873  0.1174E+01  0.7276E+01
   4.883  0.1168E+01  0.7287E+01
   4.893  0.1162E+01  0.7299E+01
   4.903  0.1155E+01  0.7310E+01
   4.913  0.1152E+01  0.7322E+01
   4.923  0.1156E+01  0.7334E+01
   4.933  0.1162E+01  0.7345E+01
   4.943  0.1169E+01  0.7357E+01
   4.953  0.1168E+01  0.7368E+01
   4.963  0.1163E+01  0.7380E+01
   4.973  0.1158E+01  0.7392E+01
   4.983  0.1151E+01  0.7403E+01
   4.993  0.1142E+01  0.7415E+01
   5.003  0.1133E+01  0.7426E+01
   5.013  0.1125E+01  0.7437E+01
   5.023  0.1119E+01  0.7449E+01
   5.033  0.1111E+01  0.7460E+01
   5.043  0.1103E+01  0.7471E+01
   5.053  0.1084E+01  0.7482E+01
   5.063  0.1065E+01  0.7493E+01
   5.073  0.1044E+01  0.7503E+01
   5.083  0.1021E+01  0.7513E+01
   5.093  0.9978E+00  0.7524E+01
   5.103  0.9712E+00  0.7533E+01
   5.113  0.9441E+00  0.7543E+01
   5.123  0.9166E+00  0.7552E+01
   5.133  0.8890E+00  0.7561E+01
   5.143  0.8636E+00  0.7570E+01
   5.153  0.8409E+00  0.7579E+01
   5.163  0.8210E+00  0.7587E+01
   5.173  0.8039E+00  0.7595E+01
   5.183  0.7894E+00  0.7603E+01
   5.193  0.7757E+00  0.7611E+01
   5.203  0.7621E+00  0.7618E+01
   5.213  0.7488E+00  0.7626E+01
   5.223  0.7359E+00  0.7633E+01
   5.233  0.7233E+00  0.7641E+01
   5.243  0.7110E+00  0.7648E+01
   5.253  0.6989E+00  0.7655E+01
   5.263  0.6871E+00  0.7662E+01
   5.273  0.6756E+00  0.7669E+01
   5.283  0.6643E+00  0.7675E+01
   5.293  0.6534E+00  0.7682E+01
   5.303  0.6427E+00  0.7688E+01
   5.313  0.6322E+00  0.7695E+01
   5.323  0.6221E+00  0.7701E+01
   5.333  0.6096E+00  0.7707E+01
   5.343  0.5903E+00  0.7713E+01
   5.353  0.5873E+00  0.7719E+01
   5.363  0.5866E+00  0.7725E+01
   5.373  0.5854E+00  0.7731E+01
   5.383  0.5840E+00  0.7737E+01
   5.393  0.5822E+00  0.7743E+01
   5.403  0.5801E+00  0.7748E+01
   5.413  0.5723E+00  0.7754E+01
   5.423  0.5646E+00  0.7760E+01
   5.433  0.5568E+00  0.7765E+01
   5.443  0.5492E+00  0.7771E+01
   5.453  0.5454E+00  0.7776E+01
   5.463  0.5508E+00  0.7782E+01
   5.473  0.5518E+00  0.7787E+01
   5.483  0.5490E+00  0.7793E+01
   5.493  0.5433E+00  0.7798E+01
   5.503  0.5328E+00  0.7804E+01
   5.513  0.5176E+00  0.7809E+01
   5.523  0.4976E+00  0.7814E+01
   5.533  0.4809E+00  0.7819E+01
   5.543  0.4735E+00  0.7824E+01
   5.553  0.4658E+00  0.7828E+01
   5.563  0.4579E+00  0.7833E+01
   5.573  0.4498E+00  0.7838E+01
   5.583  0.4413E+00  0.7842E+01
   5.593  0.4323E+00  0.7846E+01
   5.603  0.4228E+00  0.7851E+01
   5.613  0.4128E+00  0.7855E+01
   5.623  0.4024E+00  0.7859E+01
   5.633  0.3929E+00  0.7863E+01
   5.643  0.3860E+00  0.7867E+01
   5.653  0.3786E+00  0.7871E+01
   5.663  0.3731E+00  0.7874E+01
   5.673  0.3703E+00  0.7878E+01
   5.683  0.3683E+00  0.7882E+01
   5.693  0.3661E+00  0.7885E+01
   5.703  0.3638E+00  0.7889E+01
   5.713  0.3614E+00  0.7893E+01
   5.723  0.3589E+00  0.7896E+01
   5.733  0.3563E+00  0.7900E+01
   5.743  0.3509E+00  0.7903E+01
   5.753  0.3452E+00  0.7907E+01
   5.763  0.3394E+00  0.7910E+01
   5.773  0.3335E+00  0.7914E+01
   5.783  0.3275E+00  0.7917E+01
   5.793  0.3214E+00  0.7920E+01
   5.803  0.3152E+00  0.7923E+01
   5.813  0.3090E+00  0.7927E+01
   5.823  0.3026E+00  0.7930E+01
   5.833  0.2962E+00  0.7933E+01
   5.843  0.2897E+00  0.7936E+01
   5.853  0.2831E+00  0.7938E+01
   5.863  0.2764E+00  0.7941E+01
   5.873  0.2697E+00  0.7944E+01
   5.883  0.2628E+00  0.7947E+01
   5.893  0.2558E+00  0.7949E+01
   5.903  0.2485E+00  0.7952E+01
   5.913  0.2405E+00  0.7954E+01
   5.923  0.2325E+00  0.7957E+01
   5.933  0.2244E+00  0.7959E+01
   5.943  0.2162E+00  0.7961E+01
   5.953  0.2080E+00  0.7963E+01
   5.963  0.1997E+00  0.7965E+01
   5.973  0.1913E+00  0.7967E+01
   5.983  0.1829E+00  0.7969E+01
   5.993  0.1747E+00  0.7971E+01
   6.003  0.1696E+00  0.7973E+01
   6.013  0.1644E+00  0.7974E+01
   6.023  0.1592E+00  0.7976E+01
   6.033  0.1539E+00  0.7977E+01
   6.043  0.1487E+00  0.7979E+01
   6.053  0.1434E+00  0.7980E+01
   6.063  0.1381E+00  0.7982E+01
   6.073  0.1328E+00  0.7983E+01
   6.083  0.1274E+00  0.7984E+01
   6.093  0.1221E+00  0.7986E+01
   6.103  0.1167E+00  0.7987E+01
   6.113  0.1113E+00  0.7988E+01
   6.123  0.1059E+00  0.7989E+01
   6.133  0.1004E+00  0.7990E+01
   6.143  0.9497E-01  0.7991E+01
   6.153  0.8949E-01  0.7992E+01
   6.163  0.8400E-01  0.7993E+01
   6.173  0.7848E-01  0.7994E+01
   6.183  0.7294E-01  0.7994E+01
   6.193  0.6738E-01  0.7995E+01
   6.203  0.7421E-01  0.7996E+01
   6.213  0.1025E+00  0.7997E+01
   6.223  0.8955E-01  0.7998E+01
   6.233  0.4167E-01  0.7998E+01
   6.243  0.3483E-01  0.7999E+01
   6.253  0.2860E-01  0.7999E+01
   6.263  0.2298E-01  0.7999E+01
   6.273  0.1798E-01  0.8000E+01
   6.283  0.1359E-01  0.8000E+01
   6.293  0.9810E-02  0.8000E+01
   6.303  0.6647E-02  0.8000E+01
   6.313  0.4098E-02  0.8000E+01
   6.323  0.2162E-02  0.8000E+01
   6.333  0.8399E-03  0.8000E+01
   6.343  0.1314E-03  0.8000E+01
   6.353  0.0000E+00  0.8000E+01
   6.363  0.0000E+00  0.8000E+01
   6.373  0.0000E+00  0.8000E+01
   6.383  0.0000E+00  0.8000E+01
   6.393  0.0000E+00  0.8000E+01
   6.403  0.0000E+00  0.8000E+01
   6.413  0.0000E+00  0.8000E+01
   6.423  0.0000E+00  0.8000E+01
   6.433  0.0000E+00  0.8000E+01
   6.443  0.0000E+00  0.8000E+01
   6.453  0.0000E+00  0.8000E+01
   6.463  0.0000E+00  0.8000E+01
   6.473  0.0000E+00  0.8000E+01
   6.483  0.0000E+00  0.8000E+01
   6.493  0.0000E+00  0.8000E+01
   6.503  0.0000E+00  0.8000E+01
   6.513  0.0000E+00  0.8000E+01
   6.523  0.0000E+00  0.8000E+01
   6.533  0.0000E+00  0.8000E+01
   6.543  0.0000E+00  0.8000E+01
   6.553  0.0000E+00  0.8000E+01
   6.563  0.0000E+00  0.8000E+01
   6.573  0.0000E+00  0.8000E+01
   6.583  0.0000E+00  0.8000E+01
   6.593  0.0000E+00  0.8000E+01
   6.603  0.0000E+00  0.8000E+01
   6.613  0.0000E+00  0.8000E+01
   6.623  0.0000E+00  0.8000E+01
   6.633  0.0000E+00  0.8000E+01
   6.643  0.0000E+00  0.8000E+01
   6.653  0.0000E+00  0.8000E+01
   6.663  0.0000E+00  0.8000E+01
   6.673  0.0000E+00  0.8000E+01
   6.683  0.0000E+00  0.8000E+01
   6.693  0.0000E+00  0.8000E+01
   6.703  0.0000E+00  0.8000E+01
   6.713  0.0000E+00  0.8000E+01
   6.723  0.0000E+00  0.8000E+01
   6.733  0.0000E+00  0.8000E+01
   6.743  0.0000E+00  0.8000E+01
   6.753  0.0000E+00  0.8000E+01
   6.763  0.0000E+00  0.8000E+01
   6.773  0.0000E+00  0.8000E+01
   6.783  0.9487E-05  0.8000E+01
   6.793  0.3252E-03  0.8000E+01
   6.803  0.1088E-02  0.8000E+01
   6.813  0.2298E-02  0.8000E+01
   6.823  0.3955E-02  0.8000E+01
   6.833  0.6059E-02  0.8000E+01
   6.843  0.8610E-02  0.8000E+01
   6.853  0.1161E-01  0.8000E+01
   6.863  0.1505E-01  0.8000E+01
   6.873  0.1895E-01  0.8001E+01
   6.883  0.2329E-01  0.8001E+01
   6.893  0.2807E-01  0.8001E+01
   6.903  0.3331E-01  0.8001E+01
   6.913  0.3901E-01  0.8002E+01
   6.923  0.4593E-01  0.8002E+01
   6.933  0.5445E-01  0.8003E+01
   6.943  0.6456E-01  0.8003E+01
   6.953  0.7627E-01  0.8004E+01
   6.963  0.8957E-01  0.8005E+01
   6.973  0.1045E+00  0.8006E+01
   6.983  0.1161E+00  0.8007E+01
   6.993  0.1201E+00  0.8008E+01
   7.003  0.1244E+00  0.8009E+01
   7.013  0.1291E+00  0.8011E+01
   7.023  0.1340E+00  0.8012E+01
   7.033  0.1393E+00  0.8013E+01
   7.043  0.1449E+00  0.8015E+01
   7.053  0.1509E+00  0.8016E+01
   7.063  0.1571E+00  0.8018E+01
   7.073  0.1637E+00  0.8019E+01
   7.083  0.1707E+00  0.8021E+01
   7.093  0.1779E+00  0.8023E+01
   7.103  0.1855E+00  0.8024E+01
   7.113  0.1932E+00  0.8026E+01
   7.123  0.1982E+00  0.8028E+01
   7.133  0.2033E+00  0.8030E+01
   7.143  0.2085E+00  0.8032E+01
   7.153  0.2138E+00  0.8035E+01
   7.163  0.2191E+00  0.8037E+01
   7.173  0.2245E+00  0.8039E+01
   7.183  0.2300E+00  0.8041E+01
   7.193  0.2354E+00  0.8043E+01
   7.203  0.2410E+00  0.8046E+01
   7.213  0.2466E+00  0.8048E+01
   7.223  0.2522E+00  0.8051E+01
   7.233  0.2579E+00  0.8053E+01
   7.243  0.2636E+00  0.8056E+01
   7.253  0.2694E+00  0.8059E+01
   7.263  0.2752E+00  0.8061E+01
   7.273  0.2811E+00  0.8064E+01
   7.283  0.2871E+00  0.8067E+01
   7.293  0.2930E+00  0.8070E+01
   7.303  0.2989E+00  0.8073E+01
   7.313  0.3049E+00  0.8076E+01
   7.323  0.3109E+00  0.8079E+01
   7.333  0.3168E+00  0.8082E+01
   7.343  0.3228E+00  0.8085E+01
   7.353  0.3288E+00  0.8089E+01
   7.363  0.3348E+00  0.8092E+01
   7.373  0.3408E+00  0.8095E+01
   7.383  0.3473E+00  0.8099E+01
   7.393  0.3549E+00  0.8102E+01
   7.403  0.3637E+00  0.8106E+01
   7.413  0.3736E+00  0.8109E+01
   7.423  0.3846E+00  0.8113E+01
   7.433  0.3968E+00  0.8117E+01
   7.443  0.4101E+00  0.8121E+01
   7.453  0.4245E+00  0.8125E+01
   7.463  0.4363E+00  0.8130E+01
   7.473  0.4455E+00  0.8134E+01
   7.483  0.4552E+00  0.8139E+01
   7.493  0.4652E+00  0.8143E+01
   7.503  0.4755E+00  0.8148E+01
   7.513  0.4863E+00  0.8153E+01
   7.523  0.4975E+00  0.8158E+01
   7.533  0.5090E+00  0.8163E+01
   7.543  0.5210E+00  0.8168E+01
   7.553  0.6478E+00  0.8173E+01
   7.563  0.5508E+00  0.8180E+01
   7.573  0.5034E+00  0.8185E+01
   7.583  0.5079E+00  0.8190E+01
   7.593  0.5122E+00  0.8195E+01
   7.603  0.5164E+00  0.8200E+01
   7.613  0.5206E+00  0.8205E+01
   7.623  0.5247E+00  0.8211E+01
   7.633  0.5287E+00  0.8216E+01
   7.643  0.5327E+00  0.8221E+01
   7.653  0.5374E+00  0.8226E+01
   7.663  0.5419E+00  0.8232E+01
   7.673  0.5461E+00  0.8237E+01
   7.683  0.5503E+00  0.8243E+01
   7.693  0.5545E+00  0.8248E+01
   7.703  0.5588E+00  0.8254E+01
   7.713  0.5631E+00  0.8259E+01
   7.723  0.5674E+00  0.8265E+01
   7.733  0.5718E+00  0.8271E+01
   7.743  0.5761E+00  0.8277E+01
   7.753  0.5805E+00  0.8282E+01
   7.763  0.5849E+00  0.8288E+01
   7.773  0.5893E+00  0.8294E+01
   7.783  0.5939E+00  0.8300E+01
   7.793  0.5985E+00  0.8306E+01
   7.803  0.6033E+00  0.8312E+01
   7.813  0.6080E+00  0.8318E+01
   7.823  0.6128E+00  0.8324E+01
   7.833  0.6176E+00  0.8330E+01
   7.843  0.6224E+00  0.8336E+01
   7.853  0.6272E+00  0.8343E+01
   7.863  0.6320E+00  0.8349E+01
   7.873  0.6369E+00  0.8355E+01
   7.883  0.6417E+00  0.8362E+01
   7.893  0.6468E+00  0.8368E+01
   7.903  0.6521E+00  0.8375E+01
   7.913  0.6576E+00  0.8381E+01
   7.923  0.6634E+00  0.8388E+01
   7.933  0.6694E+00  0.8394E+01
   7.943  0.6756E+00  0.8401E+01
   7.953  0.6820E+00  0.8408E+01
   7.963  0.6898E+00  0.8415E+01
   7.973  0.6980E+00  0.8422E+01
   7.983  0.7230E+00  0.8429E+01
   7.993  0.7748E+00  0.8436E+01
   8.003  0.7773E+00  0.8444E+01
   8.013  0.7790E+00  0.8452E+01
   8.023  0.7801E+00  0.8460E+01
   8.033  0.7805E+00  0.8468E+01
   8.043  0.7803E+00  0.8475E+01
   8.053  0.7793E+00  0.8483E+01
   8.063  0.7830E+00  0.8491E+01
   8.073  0.7913E+00  0.8499E+01
   8.083  0.7994E+00  0.8507E+01
   8.093  0.8060E+00  0.8515E+01
   8.103  0.8130E+00  0.8523E+01
   8.113  0.8204E+00  0.8531E+01
   8.123  0.8283E+00  0.8539E+01
   8.133  0.8372E+00  0.8548E+01
   8.143  0.8466E+00  0.8556E+01
   8.153  0.8564E+00  0.8565E+01
   8.163  0.8667E+00  0.8573E+01
   8.173  0.8774E+00  0.8582E+01
   8.183  0.8885E+00  0.8591E+01
   8.193  0.9001E+00  0.8600E+01
   8.203  0.9121E+00  0.8609E+01
   8.213  0.9245E+00  0.8618E+01
   8.223  0.9370E+00  0.8627E+01
   8.233  0.9499E+00  0.8637E+01
   8.243  0.9635E+00  0.8646E+01
   8.253  0.9785E+00  0.8656E+01
   8.263  0.9950E+00  0.8666E+01
   8.273  0.1013E+01  0.8676E+01
   8.283  0.1033E+01  0.8686E+01
   8.293  0.1056E+01  0.8696E+01
   8.303  0.1082E+01  0.8707E+01
   8.313  0.1112E+01  0.8718E+01
   8.323  0.1144E+01  0.8729E+01
   8.333  0.1180E+01  0.8741E+01
   8.343  0.1218E+01  0.8753E+01
   8.353  0.1260E+01  0.8765E+01
   8.363  0.1304E+01  0.8778E+01
   8.373  0.1352E+01  0.8791E+01
   8.383  0.1403E+01  0.8805E+01
   8.393  0.1514E+01  0.8820E+01
   8.403  0.1637E+01  0.8836E+01
   8.413  0.1652E+01  0.8852E+01
   8.423  0.1593E+01  0.8868E+01
   8.433  0.1590E+01  0.8884E+01
   8.443  0.1591E+01  0.8900E+01
   8.453  0.1597E+01  0.8916E+01
   8.463  0.1607E+01  0.8932E+01
   8.473  0.1623E+01  0.8948E+01
   8.483  0.1639E+01  0.8964E+01
   8.493  0.1654E+01  0.8981E+01
   8.503  0.1669E+01  0.8998E+01
   8.513  0.1682E+01  0.9014E+01
   8.523  0.1695E+01  0.9031E+01
   8.533  0.1706E+01  0.9048E+01
   8.543  0.1716E+01  0.9065E+01
   8.553  0.1726E+01  0.9083E+01
   8.563  0.1737E+01  0.9100E+01
   8.573  0.1752E+01  0.9117E+01
   8.583  0.1766E+01  0.9135E+01
   8.593  0.1800E+01  0.9153E+01
   8.603  0.1907E+01  0.9171E+01
   8.613  0.2012E+01  0.9191E+01
   8.623  0.2012E+01  0.9211E+01
   8.633  0.1979E+01  0.9231E+01
   8.643  0.1986E+01  0.9251E+01
   8.653  0.1990E+01  0.9271E+01
   8.663  0.1993E+01  0.9291E+01
   8.673  0.1995E+01  0.9311E+01
   8.683  0.1996E+01  0.9330E+01
   8.693  0.1996E+01  0.9350E+01
   8.703  0.1996E+01  0.9370E+01
   8.713  0.1994E+01  0.9390E+01
   8.723  0.1991E+01  0.9410E+01
   8.733  0.1986E+01  0.9430E+01
   8.743  0.1980E+01  0.9450E+01
   8.753  0.1972E+01  0.9470E+01
   8.763  0.1962E+01  0.9489E+01
   8.773  0.1951E+01  0.9509E+01
   8.783  0.1939E+01  0.9528E+01
   8.793  0.1926E+01  0.9548E+01
   8.803  0.1912E+01  0.9567E+01
   8.813  0.1897E+01  0.9586E+01
   8.823  0.1881E+01  0.9605E+01
   8.833  0.1864E+01  0.9624E+01
   8.843  0.1847E+01  0.9642E+01
   8.853  0.1829E+01  0.9661E+01
   8.863  0.1810E+01  0.9679E+01
   8.873  0.1790E+01  0.9697E+01
   8.883  0.1770E+01  0.9715E+01
   8.893  0.1749E+01  0.9732E+01
   8.903  0.1721E+01  0.9749E+01
   8.913  0.1674E+01  0.9766E+01
   8.923  0.1608E+01  0.9783E+01
   8.933  0.1531E+01  0.9799E+01
   8.943  0.1497E+01  0.9814E+01
   8.953  0.1463E+01  0.9829E+01
   8.963  0.1432E+01  0.9843E+01
   8.973  0.1405E+01  0.9857E+01
   8.983  0.1380E+01  0.9871E+01
   8.993  0.1355E+01  0.9885E+01
   9.003  0.1331E+01  0.9898E+01
   9.013  0.1307E+01  0.9911E+01
   9.023  0.1284E+01  0.9924E+01
   9.033  0.1261E+01  0.9937E+01
   9.043  0.1238E+01  0.9950E+01
   9.053  0.1216E+01  0.9962E+01
   9.063  0.1194E+01  0.9974E+01
   9.073  0.1172E+01  0.9986E+01
   9.083  0.1147E+01  0.9997E+01
   9.093  0.1122E+01  0.1001E+02
   9.103  0.1099E+01  0.1002E+02
   9.113  0.1076E+01  0.1003E+02
   9.123  0.1052E+01  0.1004E+02
   9.133  0.1029E+01  0.1005E+02
   9.143  0.1013E+01  0.1006E+02
   9.153  0.9978E+00  0.1007E+02
   9.163  0.9827E+00  0.1008E+02
   9.173  0.9680E+00  0.1009E+02
   9.183  0.9537E+00  0.1010E+02
   9.193  0.9398E+00  0.1011E+02
   9.203  0.9263E+00  0.1012E+02
   9.213  0.9131E+00  0.1013E+02
   9.223  0.9004E+00  0.1014E+02
   9.233  0.8881E+00  0.1015E+02
   9.243  0.8761E+00  0.1016E+02
   9.253  0.8646E+00  0.1016E+02
   9.263  0.8534E+00  0.1017E+02
   9.273  0.8418E+00  0.1018E+02
   9.283  0.8311E+00  0.1019E+02
   9.293  0.8229E+00  0.1020E+02
   9.303  0.8133E+00  0.1021E+02
   9.313  0.8046E+00  0.1021E+02
   9.323  0.7967E+00  0.1022E+02
   9.333  0.7896E+00  0.1023E+02
   9.343  0.7833E+00  0.1024E+02
   9.353  0.7776E+00  0.1025E+02
   9.363  0.7723E+00  0.1025E+02
   9.373  0.7685E+00  0.1026E+02
   9.383  0.7733E+00  0.1027E+02
   9.393  0.7800E+00  0.1028E+02
   9.403  0.7883E+00  0.1029E+02
   9.413  0.7985E+00  0.1029E+02
   9.423  0.8103E+00  0.1030E+02
   9.433  0.8240E+00  0.1031E+02
   9.443  0.8393E+00  0.1032E+02
   9.453  0.8564E+00  0.1033E+02
   9.463  0.8753E+00  0.1033E+02
   9.473  0.8959E+00  0.1034E+02
   9.483  0.9214E+00  0.1035E+02
   9.493  0.9526E+00  0.1036E+02
   9.503  0.1009E+01  0.1037E+02
   9.513  0.1064E+01  0.1038E+02
   9.523  0.1119E+01  0.1039E+02
   9.533  0.1172E+01  0.1040E+02
   9.543  0.1222E+01  0.1042E+02
   9.553  0.1369E+01  0.1043E+02
   9.563  0.1438E+01  0.1044E+02
   9.573  0.1482E+01  0.1046E+02
   9.583  0.1489E+01  0.1047E+02
   9.593  0.1484E+01  0.1049E+02
   9.603  0.1525E+01  0.1050E+02
   9.613  0.1572E+01  0.1052E+02
   9.623  0.1608E+01  0.1053E+02
   9.633  0.1637E+01  0.1055E+02
   9.643  0.1660E+01  0.1057E+02
   9.653  0.1676E+01  0.1058E+02
   9.663  0.1676E+01  0.1060E+02
   9.673  0.1650E+01  0.1062E+02
   9.683  0.1665E+01  0.1063E+02
   9.693  0.1695E+01  0.1065E+02
   9.703  0.1728E+01  0.1067E+02
   9.713  0.1758E+01  0.1068E+02
   9.723  0.1790E+01  0.1070E+02
   9.733  0.1824E+01  0.1072E+02
   9.743  0.1860E+01  0.1074E+02
   9.753  0.1899E+01  0.1076E+02
   9.763  0.1940E+01  0.1078E+02
   9.773  0.1982E+01  0.1080E+02
   9.783  0.2027E+01  0.1082E+02
   9.793  0.2087E+01  0.1084E+02
   9.803  0.2155E+01  0.1086E+02
   9.813  0.2222E+01  0.1088E+02
   9.823  0.2238E+01  0.1090E+02
   9.833  0.2200E+01  0.1092E+02
   9.843  0.2159E+01  0.1095E+02
   9.853  0.2139E+01  0.1097E+02
   9.863  0.2143E+01  0.1099E+02
   9.873  0.2144E+01  0.1101E+02
   9.883  0.2115E+01  0.1103E+02
   9.893  0.2069E+01  0.1105E+02
   9.903  0.2035E+01  0.1107E+02
   9.913  0.2012E+01  0.1109E+02
   9.923  0.1992E+01  0.1111E+02
   9.933  0.1976E+01  0.1113E+02
   9.943  0.1961E+01  0.1115E+02
   9.953  0.1943E+01  0.1117E+02
   9.963  0.1922E+01  0.1119E+02
   9.973  0.1899E+01  0.1121E+02
   9.983  0.1874E+01  0.1123E+02
   9.993  0.1855E+01  0.1125E+02
  10.003  0.1841E+01  0.1127E+02
  10.013  0.1828E+01  0.1129E+02
  10.023  0.1817E+01  0.1130E+02
  10.033  0.1805E+01  0.1132E+02
  10.043  0.1791E+01  0.1134E+02
  10.053  0.1786E+01  0.1136E+02
  10.063  0.1768E+01  0.1138E+02
  10.073  0.1758E+01  0.1139E+02
  10.083  0.1748E+01  0.1141E+02
  10.093  0.1738E+01  0.1143E+02
  10.103  0.1727E+01  0.1145E+02
  10.113  0.1717E+01  0.1146E+02
  10.123  0.1707E+01  0.1148E+02
  10.133  0.1696E+01  0.1150E+02
  10.143  0.1686E+01  0.1151E+02
  10.153  0.1675E+01  0.1153E+02
  10.163  0.1665E+01  0.1155E+02
  10.173  0.1654E+01  0.1156E+02
  10.183  0.1643E+01  0.1158E+02
  10.193  0.1633E+01  0.1160E+02
  10.203  0.1622E+01  0.1161E+02
  10.213  0.1612E+01  0.1163E+02
  10.223  0.1601E+01  0.1165E+02
  10.233  0.1591E+01  0.1166E+02
  10.243  0.1581E+01  0.1168E+02
  10.253  0.1567E+01  0.1169E+02
  10.263  0.1553E+01  0.1171E+02
  10.273  0.1539E+01  0.1172E+02
  10.283  0.1525E+01  0.1174E+02
  10.293  0.1511E+01  0.1175E+02
  10.303  0.1498E+01  0.1177E+02
  10.313  0.1484E+01  0.1178E+02
  10.323  0.1470E+01  0.1180E+02
  10.333  0.1456E+01  0.1181E+02
  10.343  0.1443E+01  0.1183E+02
  10.353  0.1429E+01  0.1184E+02
  10.363  0.1416E+01  0.1186E+02
  10.373  0.1403E+01  0.1187E+02
  10.383  0.1390E+01  0.1189E+02
  10.393  0.1378E+01  0.1190E+02
  10.403  0.1365E+01  0.1191E+02
  10.413  0.1335E+01  0.1193E+02
  10.423  0.1326E+01  0.1194E+02
  10.433  0.1317E+01  0.1195E+02
  10.443  0.1310E+01  0.1197E+02
  10.453  0.1304E+01  0.1198E+02
  10.463  0.1297E+01  0.1199E+02
  10.473  0.1291E+01  0.1200E+02
  10.483  0.1286E+01  0.1202E+02
  10.493  0.1283E+01  0.1203E+02
  10.503  0.1463E+01  0.1204E+02
  10.513  0.1292E+01  0.1206E+02
  10.523  0.1292E+01  0.1207E+02
  10.533  0.1291E+01  0.1208E+02
  10.543  0.1275E+01  0.1210E+02
  10.553  0.1236E+01  0.1211E+02
  10.563  0.1199E+01  0.1212E+02
  10.573  0.1205E+01  0.1213E+02
  10.583  0.1193E+01  0.1215E+02
  10.593  0.1176E+01  0.1216E+02
  10.603  0.1160E+01  0.1217E+02
  10.613  0.1146E+01  0.1218E+02
  10.623  0.1133E+01  0.1219E+02
  10.633  0.1122E+01  0.1220E+02
  10.643  0.1112E+01  0.1221E+02
  10.653  0.1102E+01  0.1223E+02
  10.663  0.1094E+01  0.1224E+02
  10.673  0.1087E+01  0.1225E+02
  10.683  0.1081E+01  0.1226E+02
  10.693  0.1076E+01  0.1227E+02
  10.703  0.1072E+01  0.1228E+02
  10.713  0.1070E+01  0.1229E+02
  10.723  0.1068E+01  0.1230E+02
  10.733  0.1069E+01  0.1231E+02
  10.743  0.1070E+01  0.1232E+02
  10.753  0.1073E+01  0.1233E+02
  10.763  0.1076E+01  0.1234E+02
  10.773  0.1080E+01  0.1235E+02
  10.783  0.1090E+01  0.1237E+02
  10.793  0.1099E+01  0.1238E+02
  10.803  0.1110E+01  0.1239E+02
  10.813  0.1121E+01  0.1240E+02
  10.823  0.1128E+01  0.1241E+02
  10.833  0.1124E+01  0.1242E+02
  10.843  0.1123E+01  0.1243E+02
  10.853  0.1129E+01  0.1244E+02
  10.863  0.1150E+01  0.1246E+02
  10.873  0.1183E+01  0.1247E+02
  10.883  0.1225E+01  0.1248E+02
  10.893  0.1273E+01  0.1249E+02
  10.903  0.1330E+01  0.1250E+02
  10.913  0.1365E+01  0.1252E+02
  10.923  0.1354E+01  0.1253E+02
  10.933  0.1317E+01  0.1254E+02
  10.943  0.1258E+01  0.1256E+02
  10.953  0.1190E+01  0.1257E+02
  10.963  0.1160E+01  0.1258E+02
  10.973  0.1147E+01  0.1259E+02
  10.983  0.1134E+01  0.1260E+02
  10.993  0.1120E+01  0.1262E+02
  11.003  0.1106E+01  0.1263E+02
  11.013  0.1092E+01  0.1264E+02
  11.023  0.1078E+01  0.1265E+02
  11.033  0.1064E+01  0.1266E+02
  11.043  0.1050E+01  0.1267E+02
  11.053  0.1036E+01  0.1268E+02
  11.063  0.1022E+01  0.1269E+02
  11.073  0.1008E+01  0.1270E+02
  11.083  0.9953E+00  0.1271E+02
  11.093  0.9847E+00  0.1272E+02
  11.103  0.9749E+00  0.1273E+02
  11.113  0.9661E+00  0.1274E+02
  11.123  0.9581E+00  0.1275E+02
  11.133  0.9510E+00  0.1276E+02
  11.143  0.9418E+00  0.1277E+02
  11.153  0.9330E+00  0.1278E+02
  11.163  0.9252E+00  0.1279E+02
  11.173  0.9202E+00  0.1280E+02
  11.183  0.9365E+00  0.1281E+02
  11.193  0.9611E+00  0.1282E+02
  11.203  0.9930E+00  0.1283E+02
  11.213  0.1032E+01  0.1284E+02
  11.223  0.1074E+01  0.1285E+02
  11.233  0.1109E+01  0.1286E+02
  11.243  0.1135E+01  0.1287E+02
  11.253  0.1154E+01  0.1288E+02
  11.263  0.1165E+01  0.1289E+02
  11.273  0.1168E+01  0.1290E+02
  11.283  0.1180E+01  0.1291E+02
  11.293  0.1212E+01  0.1293E+02
  11.303  0.1192E+01  0.1294E+02
  11.313  0.1123E+01  0.1295E+02
  11.323  0.1116E+01  0.1296E+02
  11.333  0.1124E+01  0.1297E+02
  11.343  0.1137E+01  0.1298E+02
  11.353  0.1152E+01  0.1300E+02
  11.363  0.1168E+01  0.1301E+02
  11.373  0.1183E+01  0.1302E+02
  11.383  0.1195E+01  0.1303E+02
  11.393  0.1205E+01  0.1304E+02
  11.403  0.1211E+01  0.1305E+02
  11.413  0.1216E+01  0.1307E+02
  11.423  0.1217E+01  0.1308E+02
  11.433  0.1216E+01  0.1309E+02
  11.443  0.1212E+01  0.1310E+02
  11.453  0.1206E+01  0.1312E+02
  11.463  0.1198E+01  0.1313E+02
  11.473  0.1196E+01  0.1314E+02
  11.483  0.1193E+01  0.1315E+02
  11.493  0.1191E+01  0.1316E+02
  11.503  0.1189E+01  0.1318E+02
  11.513  0.1187E+01  0.1319E+02
  11.523  0.1185E+01  0.1320E+02
  11.533  0.1183E+01  0.1321E+02
  11.543  0.1182E+01  0.1322E+02
  11.553  0.1180E+01  0.1323E+02
  11.563  0.1179E+01  0.1325E+02
  11.573  0.1178E+01  0.1326E+02
  11.583  0.1177E+01  0.1327E+02
  11.593  0.1176E+01  0.1328E+02
  11.603  0.1175E+01  0.1329E+02
  11.613  0.1174E+01  0.1330E+02
  11.623  0.1172E+01  0.1332E+02
  11.633  0.1170E+01  0.1333E+02
  11.643  0.1168E+01  0.1334E+02
  11.653  0.1166E+01  0.1335E+02
  11.663  0.1164E+01  0.1336E+02
  11.673  0.1162E+01  0.1338E+02
  11.683  0.1160E+01  0.1339E+02
  11.693  0.1158E+01  0.1340E+02
  11.703  0.1156E+01  0.1341E+02
  11.713  0.1154E+01  0.1342E+02
  11.723  0.1153E+01  0.1343E+02
  11.733  0.1152E+01  0.1344E+02
  11.743  0.1151E+01  0.1346E+02
  11.753  0.1150E+01  0.1347E+02
  11.763  0.1150E+01  0.1348E+02
  11.773  0.1150E+01  0.1349E+02
  11.783  0.1153E+01  0.1350E+02
  11.793  0.1154E+01  0.1351E+02
  11.803  0.1153E+01  0.1352E+02
  11.813  0.1151E+01  0.1354E+02
  11.823  0.1148E+01  0.1355E+02
  11.833  0.1147E+01  0.1356E+02
  11.843  0.1148E+01  0.1357E+02
  11.853  0.1150E+01  0.1358E+02
  11.863  0.1151E+01  0.1359E+02
  11.873  0.1153E+01  0.1361E+02
  11.883  0.1155E+01  0.1362E+02
  11.893  0.1156E+01  0.1363E+02
  11.903  0.1158E+01  0.1364E+02
  11.913  0.1160E+01  0.1365E+02
  11.923  0.1161E+01  0.1366E+02
  11.933  0.1163E+01  0.1367E+02
  11.943  0.1164E+01  0.1369E+02
  11.953  0.1166E+01  0.1370E+02
  11.963  0.1167E+01  0.1371E+02
  11.973  0.1168E+01  0.1372E+02
  11.983  0.1169E+01  0.1373E+02
  11.993  0.1170E+01  0.1374E+02
  12.003  0.1171E+01  0.1376E+02
  12.013  0.1171E+01  0.1377E+02
  12.023  0.1171E+01  0.1378E+02
  12.033  0.1170E+01  0.1379E+02
  12.043  0.1169E+01  0.1380E+02
  12.053  0.1167E+01  0.1382E+02
  12.063  0.1166E+01  0.1383E+02
  12.073  0.1164E+01  0.1384E+02
  12.083  0.1162E+01  0.1385E+02
  12.093  0.1160E+01  0.1386E+02
  12.103  0.1158E+01  0.1387E+02
  12.113  0.1155E+01  0.1388E+02
  12.123  0.1151E+01  0.1390E+02
  12.133  0.1146E+01  0.1391E+02
  12.143  0.1142E+01  0.1392E+02
  12.153  0.1137E+01  0.1393E+02
  12.163  0.1130E+01  0.1394E+02
  12.173  0.1121E+01  0.1395E+02
  12.183  0.1111E+01  0.1396E+02
  12.193  0.1100E+01  0.1398E+02
  12.203  0.1087E+01  0.1399E+02
  12.213  0.1073E+01  0.1400E+02
  12.223  0.1058E+01  0.1401E+02
  12.233  0.1041E+01  0.1402E+02
  12.243  0.1023E+01  0.1403E+02
  12.253  0.1009E+01  0.1404E+02
  12.263  0.9973E+00  0.1405E+02
  12.273  0.9864E+00  0.1406E+02
  12.283  0.9767E+00  0.1407E+02
  12.293  0.9684E+00  0.1408E+02
  12.303  0.9614E+00  0.1409E+02
  12.313  0.9554E+00  0.1410E+02
  12.323  0.9504E+00  0.1411E+02
  12.333  0.9463E+00  0.1412E+02
  12.343  0.9432E+00  0.1413E+02
  12.353  0.9410E+00  0.1414E+02
  12.363  0.9397E+00  0.1414E+02
  12.373  0.9277E+00  0.1415E+02
  12.383  0.9140E+00  0.1416E+02
  12.393  0.9085E+00  0.1417E+02
  12.403  0.9006E+00  0.1418E+02
  12.413  0.8955E+00  0.1419E+02
  12.423  0.8921E+00  0.1420E+02
  12.433  0.9839E+00  0.1421E+02
  12.443  0.8654E+00  0.1422E+02
  12.453  0.8633E+00  0.1423E+02
  12.463  0.8615E+00  0.1424E+02
  12.473  0.8599E+00  0.1424E+02
  12.483  0.8582E+00  0.1425E+02
  12.493  0.8559E+00  0.1426E+02
  12.503  0.8549E+00  0.1427E+02
  12.513  0.8553E+00  0.1428E+02
  12.523  0.8567E+00  0.1429E+02
  12.533  0.8584E+00  0.1430E+02
  12.543  0.8604E+00  0.1430E+02
  12.553  0.8629E+00  0.1431E+02
  12.563  0.8660E+00  0.1432E+02
  12.573  0.8697E+00  0.1433E+02
  12.583  0.8738E+00  0.1434E+02
  12.593  0.8785E+00  0.1435E+02
  12.603  0.8880E+00  0.1436E+02
  12.613  0.8991E+00  0.1436E+02
  12.623  0.9120E+00  0.1437E+02
  12.633  0.9246E+00  0.1438E+02
  12.643  0.9372E+00  0.1439E+02
  12.653  0.9500E+00  0.1440E+02
  12.663  0.9626E+00  0.1441E+02
  12.673  0.9750E+00  0.1442E+02
  12.683  0.9874E+00  0.1443E+02
  12.693  0.9996E+00  0.1444E+02
  12.703  0.1012E+01  0.1445E+02
  12.713  0.1024E+01  0.1446E+02
  12.723  0.1035E+01  0.1447E+02
  12.733  0.1048E+01  0.1448E+02
  12.743  0.1062E+01  0.1449E+02
  12.753  0.1075E+01  0.1450E+02
  12.763  0.1089E+01  0.1451E+02
  12.773  0.1102E+01  0.1452E+02
  12.783  0.1116E+01  0.1454E+02
  12.793  0.1130E+01  0.1455E+02
  12.803  0.1144E+01  0.1456E+02
  12.813  0.1158E+01  0.1457E+02
  12.823  0.1172E+01  0.1458E+02
  12.833  0.1187E+01  0.1459E+02
  12.843  0.1201E+01  0.1461E+02
  12.853  0.1211E+01  0.1462E+02
  12.863  0.1217E+01  0.1463E+02
  12.873  0.1225E+01  0.1464E+02
  12.883  0.1235E+01  0.1465E+02
  12.893  0.1246E+01  0.1467E+02
  12.903  0.1257E+01  0.1468E+02
  12.913  0.1267E+01  0.1469E+02
  12.923  0.1277E+01  0.1470E+02
  12.933  0.1287E+01  0.1472E+02
  12.943  0.1297E+01  0.1473E+02
  12.953  0.1310E+01  0.1474E+02
  12.963  0.1338E+01  0.1476E+02
  12.973  0.1362E+01  0.1477E+02
  12.983  0.1382E+01  0.1478E+02
  12.993  0.1397E+01  0.1480E+02
  13.003  0.1406E+01  0.1481E+02
  13.013  0.1412E+01  0.1483E+02
  13.023  0.1416E+01  0.1484E+02
  13.033  0.1420E+01  0.1485E+02
  13.043  0.1424E+01  0.1487E+02
  13.053  0.1428E+01  0.1488E+02
  13.063  0.1431E+01  0.1490E+02
  13.073  0.1435E+01  0.1491E+02
  13.083  0.1439E+01  0.1493E+02
  13.093  0.1442E+01  0.1494E+02
  13.103  0.1442E+01  0.1495E+02
  13.113  0.1440E+01  0.1497E+02
  13.123  0.1437E+01  0.1498E+02
  13.133  0.1437E+01  0.1500E+02
  13.143  0.1437E+01  0.1501E+02
  13.153  0.1436E+01  0.1503E+02
  13.163  0.1436E+01  0.1504E+02
  13.173  0.1435E+01  0.1505E+02
  13.183  0.1434E+01  0.1507E+02
  13.193  0.1433E+01  0.1508E+02
  13.203  0.1429E+01  0.1510E+02
  13.213  0.1424E+01  0.1511E+02
  13.223  0.1420E+01  0.1513E+02
  13.233  0.1414E+01  0.1514E+02
  13.243  0.1409E+01  0.1515E+02
  13.253  0.1403E+01  0.1517E+02
  13.263  0.1398E+01  0.1518E+02
  13.273  0.1392E+01  0.1520E+02
  13.283  0.1386E+01  0.1521E+02
  13.293  0.1380E+01  0.1522E+02
  13.303  0.1373E+01  0.1524E+02
  13.313  0.1367E+01  0.1525E+02
  13.323  0.1360E+01  0.1527E+02
  13.333  0.1353E+01  0.1528E+02
  13.343  0.1345E+01  0.1529E+02
  13.353  0.1338E+01  0.1531E+02
  13.363  0.1330E+01  0.1532E+02
  13.373  0.1321E+01  0.1533E+02
  13.383  0.1313E+01  0.1535E+02
  13.393  0.1304E+01  0.1536E+02
  13.403  0.1295E+01  0.1537E+02
  13.413  0.1286E+01  0.1538E+02
  13.423  0.1277E+01  0.1540E+02
  13.433  0.1267E+01  0.1541E+02
  13.443  0.1258E+01  0.1542E+02
  13.453  0.1249E+01  0.1544E+02
  13.463  0.1240E+01  0.1545E+02
  13.473  0.1231E+01  0.1546E+02
  13.483  0.1222E+01  0.1547E+02
  13.493  0.1213E+01  0.1548E+02
  13.503  0.1203E+01  0.1550E+02
  13.513  0.1194E+01  0.1551E+02
  13.523  0.1184E+01  0.1552E+02
  13.533  0.1174E+01  0.1553E+02
  13.543  0.1164E+01  0.1554E+02
  13.553  0.1154E+01  0.1556E+02
  13.563  0.1145E+01  0.1557E+02
  13.573  0.1135E+01  0.1558E+02
  13.583  0.1127E+01  0.1559E+02
  13.593  0.1118E+01  0.1560E+02
  13.603  0.1110E+01  0.1561E+02
  13.613  0.1103E+01  0.1562E+02
  13.623  0.1098E+01  0.1563E+02
  13.633  0.1094E+01  0.1565E+02
  13.643  0.1089E+01  0.1566E+02
  13.653  0.1083E+01  0.1567E+02
  13.663  0.1076E+01  0.1568E+02
  13.673  0.1070E+01  0.1569E+02
  13.683  0.1065E+01  0.1570E+02
  13.693  0.1061E+01  0.1571E+02
  13.703  0.1058E+01  0.1572E+02
  13.713  0.1054E+01  0.1573E+02
  13.723  0.1051E+01  0.1574E+02
  13.733  0.1047E+01  0.1575E+02
  13.743  0.1044E+01  0.1576E+02
  13.753  0.1042E+01  0.1577E+02
  13.763  0.1040E+01  0.1578E+02
  13.773  0.1038E+01  0.1579E+02
  13.783  0.1043E+01  0.1580E+02
  13.793  0.1049E+01  0.1581E+02
  13.803  0.1064E+01  0.1583E+02
  13.813  0.1077E+01  0.1584E+02
  13.823  0.1089E+01  0.1585E+02
  13.833  0.1100E+01  0.1586E+02
  13.843  0.1108E+01  0.1587E+02
  13.853  0.1116E+01  0.1588E+02
  13.863  0.1123E+01  0.1589E+02
  13.873  0.1130E+01  0.1590E+02
  13.883  0.1134E+01  0.1591E+02
  13.893  0.1138E+01  0.1592E+02
  13.903  0.1143E+01  0.1594E+02
  13.913  0.1147E+01  0.1595E+02
  13.923  0.1148E+01  0.1596E+02
  13.933  0.1147E+01  0.1597E+02
  13.943  0.1145E+01  0.1598E+02
  13.953  0.1141E+01  0.1599E+02
  13.963  0.1135E+01  0.1601E+02
  13.973  0.1128E+01  0.1602E+02
  13.983  0.1129E+01  0.1603E+02
  13.993  0.1132E+01  0.1604E+02
  14.003  0.1138E+01  0.1605E+02
  14.013  0.1144E+01  0.1606E+02
  14.023  0.1151E+01  0.1607E+02
  14.033  0.1159E+01  0.1608E+02
  14.043  0.1167E+01  0.1610E+02
  14.053  0.1174E+01  0.1611E+02
  14.063  0.1182E+01  0.1612E+02
  14.073  0.1189E+01  0.1613E+02
  14.083  0.1197E+01  0.1614E+02
  14.093  0.1204E+01  0.1616E+02
  14.103  0.1212E+01  0.1617E+02
  14.113  0.1219E+01  0.1618E+02
  14.123  0.1227E+01  0.1619E+02
  14.133  0.1231E+01  0.1620E+02
  14.143  0.1229E+01  0.1622E+02
  14.153  0.1228E+01  0.1623E+02
  14.163  0.1228E+01  0.1624E+02
  14.173  0.1242E+01  0.1625E+02
  14.183  0.1253E+01  0.1627E+02
  14.193  0.1257E+01  0.1628E+02
  14.203  0.1258E+01  0.1629E+02
  14.213  0.1256E+01  0.1630E+02
  14.223  0.1249E+01  0.1632E+02
  14.233  0.1237E+01  0.1633E+02
  14.243  0.1220E+01  0.1634E+02
  14.253  0.1198E+01  0.1635E+02
  14.263  0.1177E+01  0.1636E+02
  14.273  0.1164E+01  0.1638E+02
  14.283  0.1151E+01  0.1639E+02
  14.293  0.1138E+01  0.1640E+02
  14.303  0.1129E+01  0.1641E+02
  14.313  0.1121E+01  0.1642E+02
  14.323  0.1115E+01  0.1643E+02
  14.333  0.1109E+01  0.1644E+02
  14.343  0.1105E+01  0.1646E+02
  14.353  0.1118E+01  0.1647E+02
  14.363  0.1125E+01  0.1648E+02
  14.373  0.1120E+01  0.1649E+02
  14.383  0.1117E+01  0.1650E+02
  14.393  0.1115E+01  0.1651E+02
  14.403  0.1118E+01  0.1652E+02
  14.413  0.1121E+01  0.1653E+02
  14.423  0.1124E+01  0.1655E+02
  14.433  0.1127E+01  0.1656E+02
  14.443  0.1130E+01  0.1657E+02
  14.453  0.1132E+01  0.1658E+02
  14.463  0.1135E+01  0.1659E+02
  14.473  0.1137E+01  0.1660E+02
  14.483  0.1139E+01  0.1661E+02
  14.493  0.1140E+01  0.1662E+02
  14.503  0.1142E+01  0.1664E+02
  14.513  0.1143E+01  0.1665E+02
  14.523  0.1144E+01  0.1666E+02
  14.533  0.1144E+01  0.1667E+02
  14.543  0.1145E+01  0.1668E+02
  14.553  0.1150E+01  0.1669E+02
  14.563  0.1155E+01  0.1670E+02
  14.573  0.1159E+01  0.1672E+02
  14.583  0.1162E+01  0.1673E+02
  14.593  0.1164E+01  0.1674E+02
  14.603  0.1165E+01  0.1675E+02
  14.613  0.1173E+01  0.1676E+02
  14.623  0.1181E+01  0.1677E+02
  14.633  0.1189E+01  0.1679E+02
  14.643  0.1190E+01  0.1680E+02
  14.653  0.1187E+01  0.1681E+02
  14.663  0.1184E+01  0.1682E+02
  14.673  0.1180E+01  0.1683E+02
  14.683  0.1180E+01  0.1685E+02
  14.693  0.1180E+01  0.1686E+02
  14.703  0.1180E+01  0.1687E+02
  14.713  0.1181E+01  0.1688E+02
  14.723  0.1182E+01  0.1689E+02
  14.733  0.1182E+01  0.1690E+02
  14.743  0.1183E+01  0.1692E+02
  14.753  0.1184E+01  0.1693E+02
  14.763  0.1185E+01  0.1694E+02
  14.773  0.1186E+01  0.1695E+02
  14.783  0.1187E+01  0.1696E+02
  14.793  0.1189E+01  0.1698E+02
  14.803  0.1190E+01  0.1699E+02
  14.813  0.1192E+01  0.1700E+02
  14.823  0.1193E+01  0.1701E+02
  14.833  0.1194E+01  0.1702E+02
  14.843  0.1196E+01  0.1704E+02
  14.853  0.1197E+01  0.1705E+02
  14.863  0.1199E+01  0.1706E+02
  14.873  0.1200E+01  0.1707E+02
  14.883  0.1201E+01  0.1708E+02
  14.893  0.1202E+01  0.1710E+02
  14.903  0.1204E+01  0.1711E+02
  14.913  0.1205E+01  0.1712E+02
  14.923  0.1207E+01  0.1713E+02
  14.933  0.1208E+01  0.1714E+02
  14.943  0.1209E+01  0.1716E+02
  14.953  0.1210E+01  0.1717E+02
  14.963  0.1211E+01  0.1718E+02
  14.973  0.1212E+01  0.1719E+02
  14.983  0.1213E+01  0.1720E+02
  14.993  0.1214E+01  0.1722E+02
  15.003  0.1216E+01  0.1723E+02
  15.013  0.1217E+01  0.1724E+02
  15.023  0.1219E+01  0.1725E+02
  15.033  0.1221E+01  0.1726E+02
  15.043  0.1222E+01  0.1728E+02
  15.053  0.1224E+01  0.1729E+02
  15.063  0.1226E+01  0.1730E+02
  15.073  0.1228E+01  0.1731E+02
  15.083  0.1229E+01  0.1733E+02
  15.093  0.1231E+01  0.1734E+02
  15.103  0.1233E+01  0.1735E+02
  15.113  0.1235E+01  0.1736E+02
  15.123  0.1236E+01  0.1738E+02
  15.133  0.1239E+01  0.1739E+02
  15.143  0.1241E+01  0.1740E+02
  15.153  0.1245E+01  0.1741E+02
  15.163  0.1250E+01  0.1743E+02
  15.173  0.1255E+01  0.1744E+02
  15.183  0.1261E+01  0.1745E+02
  15.193  0.1266E+01  0.1746E+02
  15.203  0.1273E+01  0.1748E+02
  15.213  0.1281E+01  0.1749E+02
  15.223  0.1292E+01  0.1750E+02
  15.233  0.1303E+01  0.1751E+02
  15.243  0.1315E+01  0.1753E+02
  15.253  0.1325E+01  0.1754E+02
  15.263  0.1334E+01  0.1755E+02
  15.273  0.1341E+01  0.1757E+02
  15.283  0.1347E+01  0.1758E+02
  15.293  0.1355E+01  0.1759E+02
  15.303  0.1364E+01  0.1761E+02
  15.313  0.1460E+01  0.1762E+02
  15.323  0.1559E+01  0.1764E+02
  15.333  0.1584E+01  0.1765E+02
  15.343  0.1534E+01  0.1767E+02
  15.353  0.1419E+01  0.1768E+02
  15.363  0.1417E+01  0.1770E+02
  15.373  0.1415E+01  0.1771E+02
  15.383  0.1413E+01  0.1773E+02
  15.393  0.1409E+01  0.1774E+02
  15.403  0.1405E+01  0.1775E+02
  15.413  0.1399E+01  0.1777E+02
  15.423  0.1393E+01  0.1778E+02
  15.433  0.1385E+01  0.1780E+02
  15.443  0.1377E+01  0.1781E+02
  15.453  0.1368E+01  0.1782E+02
  15.463  0.1359E+01  0.1784E+02
  15.473  0.1350E+01  0.1785E+02
  15.483  0.1343E+01  0.1786E+02
  15.493  0.1341E+01  0.1788E+02
  15.503  0.1339E+01  0.1789E+02
  15.513  0.1338E+01  0.1790E+02
  15.523  0.1336E+01  0.1792E+02
  15.533  0.1334E+01  0.1793E+02
  15.543  0.1333E+01  0.1794E+02
  15.553  0.1331E+01  0.1796E+02
  15.563  0.1330E+01  0.1797E+02
  15.573  0.1328E+01  0.1798E+02
  15.583  0.1326E+01  0.1800E+02
  15.593  0.1325E+01  0.1801E+02
  15.603  0.1331E+01  0.1802E+02
  15.613  0.1337E+01  0.1804E+02
  15.623  0.1355E+01  0.1805E+02
  15.633  0.1356E+01  0.1806E+02
  15.643  0.1359E+01  0.1808E+02
  15.653  0.1363E+01  0.1809E+02
  15.663  0.1367E+01  0.1811E+02
  15.673  0.1373E+01  0.1812E+02
  15.683  0.1378E+01  0.1813E+02
  15.693  0.1383E+01  0.1815E+02
  15.703  0.1390E+01  0.1816E+02
  15.713  0.1397E+01  0.1817E+02
  15.723  0.1404E+01  0.1819E+02
  15.733  0.1412E+01  0.1820E+02
  15.743  0.1421E+01  0.1822E+02
  15.753  0.1430E+01  0.1823E+02
  15.763  0.1439E+01  0.1825E+02
  15.773  0.1449E+01  0.1826E+02
  15.783  0.1461E+01  0.1827E+02
  15.793  0.1470E+01  0.1829E+02
  15.803  0.1477E+01  0.1830E+02
  15.813  0.1480E+01  0.1832E+02
  15.823  0.1479E+01  0.1833E+02
  15.833  0.1475E+01  0.1835E+02
  15.843  0.1474E+01  0.1836E+02
  15.853  0.1482E+01  0.1838E+02
  15.863  0.1490E+01  0.1839E+02
  15.873  0.1483E+01  0.1841E+02
  15.883  0.1489E+01  0.1842E+02
  15.893  0.1495E+01  0.1844E+02
  15.903  0.1501E+01  0.1845E+02
  15.913  0.1506E+01  0.1847E+02
  15.923  0.1512E+01  0.1848E+02
  15.933  0.1517E+01  0.1850E+02
  15.943  0.1523E+01  0.1851E+02
  15.953  0.1528E+01  0.1853E+02
  15.963  0.1533E+01  0.1854E+02
  15.973  0.1539E+01  0.1856E+02
  15.983  0.1544E+01  0.1857E+02
  15.993  0.1549E+01  0.1859E+02
  16.003  0.1551E+01  0.1861E+02
  16.013  0.1554E+01  0.1862E+02
  16.023  0.1561E+01  0.1864E+02
  16.033  0.1575E+01  0.1865E+02
  16.043  0.1562E+01  0.1867E+02
  16.053  0.1547E+01  0.1868E+02
  16.063  0.1533E+01  0.1870E+02
  16.073  0.1519E+01  0.1871E+02
  16.083  0.1509E+01  0.1873E+02
  16.093  0.1500E+01  0.1874E+02
  16.103  0.1493E+01  0.1876E+02
  16.113  0.1487E+01  0.1877E+02
  16.123  0.1483E+01  0.1879E+02
  16.133  0.1480E+01  0.1880E+02
  16.143  0.1476E+01  0.1882E+02
  16.153  0.1473E+01  0.1883E+02
  16.163  0.1469E+01  0.1885E+02
  16.173  0.1466E+01  0.1886E+02
  16.183  0.1462E+01  0.1888E+02
  16.193  0.1458E+01  0.1889E+02
  16.203  0.1454E+01  0.1891E+02
  16.213  0.1450E+01  0.1892E+02
  16.223  0.1446E+01  0.1894E+02
  16.233  0.1442E+01  0.1895E+02
  16.243  0.1437E+01  0.1896E+02
  16.253  0.1433E+01  0.1898E+02
  16.263  0.1428E+01  0.1899E+02
  16.273  0.1423E+01  0.1901E+02
  16.283  0.1418E+01  0.1902E+02
  16.293  0.1413E+01  0.1904E+02
  16.303  0.1409E+01  0.1905E+02
  16.313  0.1403E+01  0.1906E+02
  16.323  0.1398E+01  0.1908E+02
  16.333  0.1393E+01  0.1909E+02
  16.343  0.1388E+01  0.1911E+02
  16.353  0.1383E+01  0.1912E+02
  16.363  0.1377E+01  0.1913E+02
  16.373  0.1372E+01  0.1915E+02
  16.383  0.1367E+01  0.1916E+02
  16.393  0.1362E+01  0.1917E+02
  16.403  0.1358E+01  0.1919E+02
  16.413  0.1353E+01  0.1920E+02
  16.423  0.1349E+01  0.1922E+02
  16.433  0.1345E+01  0.1923E+02
  16.443  0.1341E+01  0.1924E+02
  16.453  0.1337E+01  0.1926E+02
  16.463  0.1334E+01  0.1927E+02
  16.473  0.1332E+01  0.1928E+02
  16.483  0.1330E+01  0.1930E+02
  16.493  0.1328E+01  0.1931E+02
  16.503  0.1326E+01  0.1932E+02
  16.513  0.1324E+01  0.1934E+02
  16.523  0.1322E+01  0.1935E+02
  16.533  0.1320E+01  0.1936E+02
  16.543  0.1317E+01  0.1938E+02
  16.553  0.1314E+01  0.1939E+02
  16.563  0.1310E+01  0.1940E+02
  16.573  0.1307E+01  0.1941E+02
  16.583  0.1304E+01  0.1943E+02
  16.593  0.1301E+01  0.1944E+02
  16.603  0.1298E+01  0.1945E+02
  16.613  0.1294E+01  0.1947E+02
  16.623  0.1291E+01  0.1948E+02
  16.633  0.1288E+01  0.1949E+02
  16.643  0.1284E+01  0.1951E+02
  16.653  0.1281E+01  0.1952E+02
  16.663  0.1277E+01  0.1953E+02
  16.673  0.1273E+01  0.1954E+02
  16.683  0.1270E+01  0.1956E+02
  16.693  0.1266E+01  0.1957E+02
  16.703  0.1262E+01  0.1958E+02
  16.713  0.1258E+01  0.1959E+02
  16.723  0.1254E+01  0.1961E+02
  16.733  0.1251E+01  0.1962E+02
  16.743  0.1247E+01  0.1963E+02
  16.753  0.1243E+01  0.1964E+02
  16.763  0.1239E+01  0.1966E+02
  16.773  0.1235E+01  0.1967E+02
  16.783  0.1232E+01  0.1968E+02
  16.793  0.1229E+01  0.1969E+02
  16.803  0.1226E+01  0.1971E+02
  16.813  0.1223E+01  0.1972E+02
  16.823  0.1221E+01  0.1973E+02
  16.833  0.1219E+01  0.1974E+02
  16.843  0.1217E+01  0.1975E+02
  16.853  0.1215E+01  0.1977E+02
  16.863  0.1210E+01  0.1978E+02
  16.873  0.1199E+01  0.1979E+02
  16.883  0.1184E+01  0.1980E+02
  16.893  0.1178E+01  0.1982E+02
  16.903  0.1195E+01  0.1983E+02
  16.913  0.1205E+01  0.1984E+02
  16.923  0.1187E+01  0.1985E+02
  16.933  0.1169E+01  0.1986E+02
  16.943  0.1170E+01  0.1987E+02
  16.953  0.1170E+01  0.1989E+02
  16.963  0.1171E+01  0.1990E+02
  16.973  0.1171E+01  0.1991E+02
  16.983  0.1172E+01  0.1992E+02
  16.993  0.1178E+01  0.1993E+02
  17.003  0.1192E+01  0.1994E+02
  17.013  0.1211E+01  0.1996E+02
  17.023  0.1230E+01  0.1997E+02
  17.033  0.1248E+01  0.1998E+02
  17.043  0.1266E+01  0.1999E+02
  17.053  0.1283E+01  0.2001E+02
  17.063  0.1299E+01  0.2002E+02
  17.073  0.1314E+01  0.2003E+02
  17.083  0.1328E+01  0.2005E+02
  17.093  0.1341E+01  0.2006E+02
  17.103  0.1354E+01  0.2007E+02
  17.113  0.1365E+01  0.2009E+02
  17.123  0.1376E+01  0.2010E+02
  17.133  0.1385E+01  0.2011E+02
  17.143  0.1393E+01  0.2013E+02
  17.153  0.1401E+01  0.2014E+02
  17.163  0.1407E+01  0.2016E+02
  17.173  0.1413E+01  0.2017E+02
  17.183  0.1419E+01  0.2018E+02
  17.193  0.1426E+01  0.2020E+02
  17.203  0.1433E+01  0.2021E+02
  17.213  0.1439E+01  0.2023E+02
  17.223  0.1444E+01  0.2024E+02
  17.233  0.1448E+01  0.2026E+02
  17.243  0.1451E+01  0.2027E+02
  17.253  0.1452E+01  0.2028E+02
  17.263  0.1452E+01  0.2030E+02
  17.273  0.1451E+01  0.2031E+02
  17.283  0.1444E+01  0.2033E+02
  17.293  0.1437E+01  0.2034E+02
  17.303  0.1429E+01  0.2036E+02
  17.313  0.1423E+01  0.2037E+02
  17.323  0.1415E+01  0.2039E+02
  17.333  0.1536E+01  0.2040E+02
  17.343  0.1459E+01  0.2042E+02
  17.353  0.1382E+01  0.2043E+02
  17.363  0.1346E+01  0.2044E+02
  17.373  0.1312E+01  0.2046E+02
  17.383  0.1279E+01  0.2047E+02
  17.393  0.1249E+01  0.2048E+02
  17.403  0.1221E+01  0.2049E+02
  17.413  0.1194E+01  0.2051E+02
  17.423  0.1168E+01  0.2052E+02
  17.433  0.1144E+01  0.2053E+02
  17.443  0.1122E+01  0.2054E+02
  17.453  0.1102E+01  0.2055E+02
  17.463  0.1082E+01  0.2056E+02
  17.473  0.1062E+01  0.2057E+02
  17.483  0.1043E+01  0.2058E+02
  17.493  0.1026E+01  0.2059E+02
  17.503  0.1011E+01  0.2060E+02
  17.513  0.9937E+00  0.2061E+02
  17.523  0.9745E+00  0.2062E+02
  17.533  0.9605E+00  0.2063E+02
  17.543  0.9609E+00  0.2064E+02
  17.553  0.9621E+00  0.2065E+02
  17.563  0.9606E+00  0.2066E+02
  17.573  0.9579E+00  0.2067E+02
  17.583  0.9537E+00  0.2068E+02
  17.593  0.9483E+00  0.2069E+02
  17.603  0.9414E+00  0.2070E+02
  17.613  0.9333E+00  0.2071E+02
  17.623  0.9238E+00  0.2072E+02
  17.633  0.9117E+00  0.2073E+02
  17.643  0.9009E+00  0.2074E+02
  17.653  0.8999E+00  0.2075E+02
  17.663  0.8988E+00  0.2076E+02
  17.673  0.8977E+00  0.2077E+02
  17.683  0.8967E+00  0.2077E+02
  17.693  0.8961E+00  0.2078E+02
  17.703  0.8959E+00  0.2079E+02
  17.713  0.8960E+00  0.2080E+02
  17.723  0.8962E+00  0.2081E+02
  17.733  0.8964E+00  0.2082E+02
  17.743  0.8962E+00  0.2083E+02
  17.753  0.8961E+00  0.2084E+02
  17.763  0.8956E+00  0.2085E+02
  17.773  0.8946E+00  0.2085E+02
  17.783  0.8931E+00  0.2086E+02
  17.793  0.8907E+00  0.2087E+02
  17.803  0.8849E+00  0.2088E+02
  17.813  0.8760E+00  0.2089E+02
  17.823  0.8674E+00  0.2090E+02
  17.833  0.8591E+00  0.2091E+02
  17.843  0.8512E+00  0.2092E+02
  17.853  0.8436E+00  0.2092E+02
  17.863  0.8364E+00  0.2093E+02
  17.873  0.8296E+00  0.2094E+02
  17.883  0.8230E+00  0.2095E+02
  17.893  0.8169E+00  0.2096E+02
  17.903  0.8108E+00  0.2097E+02
  17.913  0.8079E+00  0.2097E+02
  17.923  0.8084E+00  0.2098E+02
  17.933  0.8090E+00  0.2099E+02
  17.943  0.8098E+00  0.2100E+02
  17.953  0.8107E+00  0.2101E+02
  17.963  0.8118E+00  0.2101E+02
  17.973  0.8129E+00  0.2102E+02
  17.983  0.8143E+00  0.2103E+02
  17.993  0.8157E+00  0.2104E+02
  18.003  0.8173E+00  0.2105E+02
  18.013  0.8191E+00  0.2106E+02
  18.023  0.8209E+00  0.2106E+02
  18.033  0.8230E+00  0.2107E+02
  18.043  0.8251E+00  0.2108E+02
  18.053  0.8274E+00  0.2109E+02
  18.063  0.8298E+00  0.2110E+02
  18.073  0.8324E+00  0.2110E+02
  18.083  0.8351E+00  0.2111E+02
  18.093  0.8378E+00  0.2112E+02
  18.103  0.8406E+00  0.2113E+02
  18.113  0.8434E+00  0.2114E+02
  18.123  0.8464E+00  0.2115E+02
  18.133  0.8494E+00  0.2116E+02
  18.143  0.8545E+00  0.2116E+02
  18.153  0.8678E+00  0.2117E+02
  18.163  0.9037E+00  0.2118E+02
  18.173  0.9780E+00  0.2119E+02
  18.183  0.9336E+00  0.2120E+02
  18.193  0.9541E+00  0.2121E+02
  18.203  0.8929E+00  0.2122E+02
  18.213  0.8727E+00  0.2123E+02
  18.223  0.8790E+00  0.2124E+02
  18.233  0.8853E+00  0.2125E+02
  18.243  0.8916E+00  0.2125E+02
  18.253  0.8978E+00  0.2126E+02
  18.263  0.9040E+00  0.2127E+02
  18.273  0.9099E+00  0.2128E+02
  18.283  0.9157E+00  0.2129E+02
  18.293  0.9215E+00  0.2130E+02
  18.303  0.9273E+00  0.2131E+02
  18.313  0.9336E+00  0.2132E+02
  18.323  0.9398E+00  0.2133E+02
  18.333  0.9459E+00  0.2134E+02
  18.343  0.9519E+00  0.2135E+02
  18.353  0.9579E+00  0.2136E+02
  18.363  0.9637E+00  0.2137E+02
  18.373  0.9695E+00  0.2138E+02
  18.383  0.9752E+00  0.2138E+02
  18.393  0.9815E+00  0.2139E+02
  18.403  0.9883E+00  0.2140E+02
  18.413  0.9959E+00  0.2141E+02
  18.423  0.1004E+01  0.2142E+02
  18.433  0.1013E+01  0.2143E+02
  18.443  0.1022E+01  0.2144E+02
  18.453  0.1032E+01  0.2145E+02
  18.463  0.1039E+01  0.2147E+02
  18.473  0.1043E+01  0.2148E+02
  18.483  0.1048E+01  0.2149E+02
  18.493  0.1054E+01  0.2150E+02
  18.503  0.1061E+01  0.2151E+02
  18.513  0.1069E+01  0.2152E+02
  18.523  0.1078E+01  0.2153E+02
  18.533  0.1084E+01  0.2154E+02
  18.543  0.1092E+01  0.2155E+02
  18.553  0.1100E+01  0.2156E+02
  18.563  0.1108E+01  0.2157E+02
  18.573  0.1117E+01  0.2158E+02
  18.583  0.1126E+01  0.2159E+02
  18.593  0.1137E+01  0.2161E+02
  18.603  0.1151E+01  0.2162E+02
  18.613  0.1166E+01  0.2163E+02
  18.623  0.1182E+01  0.2164E+02
  18.633  0.1201E+01  0.2165E+02
  18.643  0.1238E+01  0.2166E+02
  18.653  0.1285E+01  0.2168E+02
  18.663  0.1336E+01  0.2169E+02
  18.673  0.1397E+01  0.2170E+02
  18.683  0.1466E+01  0.2172E+02
  18.693  0.1544E+01  0.2173E+02
  18.703  0.1723E+01  0.2175E+02
  18.713  0.1726E+01  0.2177E+02
  18.723  0.1708E+01  0.2178E+02
  18.733  0.1681E+01  0.2180E+02
  18.743  0.1688E+01  0.2182E+02
  18.753  0.1695E+01  0.2184E+02
  18.763  0.1702E+01  0.2185E+02
  18.773  0.1708E+01  0.2187E+02
  18.783  0.1714E+01  0.2189E+02
  18.793  0.1719E+01  0.2190E+02
  18.803  0.1723E+01  0.2192E+02
  18.813  0.1727E+01  0.2194E+02
  18.823  0.1731E+01  0.2196E+02
  18.833  0.1734E+01  0.2197E+02
  18.843  0.1737E+01  0.2199E+02
  18.853  0.1741E+01  0.2201E+02
  18.863  0.1744E+01  0.2203E+02
  18.873  0.1793E+01  0.2204E+02
  18.883  0.1919E+01  0.2206E+02
  18.893  0.1887E+01  0.2208E+02
  18.903  0.1891E+01  0.2210E+02
  18.913  0.1897E+01  0.2212E+02
  18.923  0.1905E+01  0.2214E+02
  18.933  0.1913E+01  0.2216E+02
  18.943  0.1917E+01  0.2218E+02
  18.953  0.1923E+01  0.2219E+02
  18.963  0.1927E+01  0.2221E+02
  18.973  0.1930E+01  0.2223E+02
  18.983  0.1933E+01  0.2225E+02
  18.993  0.1936E+01  0.2227E+02
  19.003  0.1937E+01  0.2229E+02
  19.013  0.1937E+01  0.2231E+02
  19.023  0.1951E+01  0.2233E+02
  19.033  0.1953E+01  0.2235E+02
  19.043  0.1935E+01  0.2237E+02
  19.053  0.1896E+01  0.2239E+02
  19.063  0.1876E+01  0.2241E+02
  19.073  0.1864E+01  0.2243E+02
  19.083  0.1851E+01  0.2244E+02
  19.093  0.1838E+01  0.2246E+02
  19.103  0.1823E+01  0.2248E+02
  19.113  0.1809E+01  0.2250E+02
  19.123  0.1794E+01  0.2252E+02
  19.133  0.1778E+01  0.2254E+02
  19.143  0.1762E+01  0.2255E+02
  19.153  0.1745E+01  0.2257E+02
  19.163  0.1727E+01  0.2259E+02
  19.173  0.1710E+01  0.2261E+02
  19.183  0.1691E+01  0.2262E+02
  19.193  0.1672E+01  0.2264E+02
  19.203  0.1652E+01  0.2266E+02
  19.213  0.1632E+01  0.2267E+02
  19.223  0.1612E+01  0.2269E+02
  19.233  0.1592E+01  0.2270E+02
  19.243  0.1583E+01  0.2272E+02
  19.253  0.1572E+01  0.2274E+02
  19.263  0.1560E+01  0.2275E+02
  19.273  0.1547E+01  0.2277E+02
  19.283  0.1534E+01  0.2278E+02
  19.293  0.1521E+01  0.2280E+02
  19.303  0.1507E+01  0.2281E+02
  19.313  0.1494E+01  0.2283E+02
  19.323  0.1480E+01  0.2284E+02
  19.333  0.1465E+01  0.2286E+02
  19.343  0.1446E+01  0.2287E+02
  19.353  0.1429E+01  0.2289E+02
  19.363  0.1414E+01  0.2290E+02
  19.373  0.1403E+01  0.2291E+02
  19.383  0.1395E+01  0.2293E+02
  19.393  0.1291E+01  0.2294E+02
  19.403  0.1273E+01  0.2296E+02
  19.413  0.1253E+01  0.2297E+02
  19.423  0.1234E+01  0.2298E+02
  19.433  0.1215E+01  0.2299E+02
  19.443  0.1197E+01  0.2301E+02
  19.453  0.1180E+01  0.2302E+02
  19.463  0.1163E+01  0.2303E+02
  19.473  0.1146E+01  0.2304E+02
  19.483  0.1130E+01  0.2305E+02
  19.493  0.1114E+01  0.2306E+02
  19.503  0.1099E+01  0.2307E+02
  19.513  0.1084E+01  0.2309E+02
  19.523  0.1069E+01  0.2310E+02
  19.533  0.1054E+01  0.2311E+02
  19.543  0.1040E+01  0.2312E+02
  19.553  0.1025E+01  0.2313E+02
  19.563  0.1010E+01  0.2314E+02
  19.573  0.9939E+00  0.2315E+02
  19.583  0.9779E+00  0.2316E+02
  19.593  0.9612E+00  0.2317E+02
  19.603  0.9415E+00  0.2318E+02
  19.613  0.8852E+00  0.2319E+02
  19.623  0.8755E+00  0.2320E+02
  19.633  0.8661E+00  0.2320E+02
  19.643  0.8569E+00  0.2321E+02
  19.653  0.8480E+00  0.2322E+02
  19.663  0.8393E+00  0.2323E+02
  19.673  0.8307E+00  0.2324E+02
  19.683  0.8224E+00  0.2325E+02
  19.693  0.8143E+00  0.2325E+02
  19.703  0.8064E+00  0.2326E+02
  19.713  0.7986E+00  0.2327E+02
  19.723  0.7910E+00  0.2328E+02
  19.733  0.7836E+00  0.2329E+02
  19.743  0.7763E+00  0.2329E+02
  19.753  0.7694E+00  0.2330E+02
  19.763  0.7626E+00  0.2331E+02
  19.773  0.7560E+00  0.2332E+02
  19.783  0.7497E+00  0.2332E+02
  19.793  0.7436E+00  0.2333E+02
  19.803  0.7377E+00  0.2334E+02
  19.813  0.7320E+00  0.2335E+02
  19.823  0.7266E+00  0.2335E+02
  19.833  0.7215E+00  0.2336E+02
  19.843  0.7166E+00  0.2337E+02
  19.853  0.7120E+00  0.2338E+02
  19.863  0.7076E+00  0.2338E+02
  19.873  0.7035E+00  0.2339E+02
  19.883  0.6997E+00  0.2340E+02
  19.893  0.6940E+00  0.2340E+02
  19.903  0.6851E+00  0.2341E+02
  19.913  0.6827E+00  0.2342E+02
  19.923  0.6804E+00  0.2342E+02
  19.933  0.6783E+00  0.2343E+02
  19.943  0.6765E+00  0.2344E+02
  19.953  0.6748E+00  0.2344E+02
  19.963  0.6732E+00  0.2345E+02
  19.973  0.6719E+00  0.2346E+02
  19.983  0.6708E+00  0.2346E+02
  19.993  0.6698E+00  0.2347E+02
  20.003  0.6689E+00  0.2348E+02
  20.013  0.6683E+00  0.2349E+02
  20.023  0.6677E+00  0.2349E+02
  20.033  0.6674E+00  0.2350E+02
  20.043  0.6672E+00  0.2351E+02
  20.053  0.6672E+00  0.2351E+02
  20.063  0.6673E+00  0.2352E+02
  20.073  0.6676E+00  0.2353E+02
  20.083  0.6680E+00  0.2353E+02
  20.093  0.6686E+00  0.2354E+02
  20.103  0.6696E+00  0.2355E+02
  20.113  0.6706E+00  0.2355E+02
  20.123  0.6725E+00  0.2356E+02
  20.133  0.6741E+00  0.2357E+02
  20.143  0.6754E+00  0.2357E+02
  20.153  0.6765E+00  0.2358E+02
  20.163  0.6773E+00  0.2359E+02
  20.173  0.6778E+00  0.2359E+02
  20.183  0.6781E+00  0.2360E+02
  20.193  0.6781E+00  0.2361E+02
  20.203  0.6778E+00  0.2361E+02
  20.213  0.6773E+00  0.2362E+02
  20.223  0.6762E+00  0.2363E+02
  20.233  0.6745E+00  0.2363E+02
  20.243  0.6728E+00  0.2364E+02
  20.253  0.6709E+00  0.2365E+02
  20.263  0.6690E+00  0.2365E+02
  20.273  0.6670E+00  0.2366E+02
  20.283  0.6648E+00  0.2367E+02
  20.293  0.6626E+00  0.2367E+02
  20.303  0.6603E+00  0.2368E+02
  20.313  0.6579E+00  0.2369E+02
  20.323  0.6554E+00  0.2369E+02
  20.333  0.6528E+00  0.2370E+02
  20.343  0.6505E+00  0.2371E+02
  20.353  0.6493E+00  0.2371E+02
  20.363  0.6493E+00  0.2372E+02
  20.373  0.6503E+00  0.2373E+02
  20.383  0.6524E+00  0.2373E+02
  20.393  0.6555E+00  0.2374E+02
  20.403  0.6486E+00  0.2375E+02
  20.413  0.6387E+00  0.2375E+02
  20.423  0.6298E+00  0.2376E+02
  20.433  0.6217E+00  0.2376E+02
  20.443  0.6145E+00  0.2377E+02
  20.453  0.6082E+00  0.2378E+02
  20.463  0.6028E+00  0.2378E+02
  20.473  0.5982E+00  0.2379E+02
  20.483  0.5945E+00  0.2379E+02
  20.493  0.5902E+00  0.2380E+02
  20.503  0.5854E+00  0.2381E+02
  20.513  0.5805E+00  0.2381E+02
  20.523  0.5749E+00  0.2382E+02
  20.533  0.5669E+00  0.2382E+02
  20.543  0.5566E+00  0.2383E+02
  20.553  0.5437E+00  0.2383E+02
  20.563  0.5291E+00  0.2384E+02
  20.573  0.5217E+00  0.2385E+02
  20.583  0.5142E+00  0.2385E+02
  20.593  0.5065E+00  0.2386E+02
  20.603  0.4988E+00  0.2386E+02
  20.613  0.4910E+00  0.2387E+02
  20.623  0.4831E+00  0.2387E+02
  20.633  0.4752E+00  0.2388E+02
  20.643  0.4671E+00  0.2388E+02
  20.653  0.4590E+00  0.2388E+02
  20.663  0.4508E+00  0.2389E+02
  20.673  0.4427E+00  0.2389E+02
  20.683  0.4345E+00  0.2390E+02
  20.693  0.4264E+00  0.2390E+02
  20.703  0.4182E+00  0.2391E+02
  20.713  0.4098E+00  0.2391E+02
  20.723  0.4013E+00  0.2391E+02
  20.733  0.3924E+00  0.2392E+02
  20.743  0.3826E+00  0.2392E+02
  20.753  0.3726E+00  0.2393E+02
  20.763  0.3626E+00  0.2393E+02
  20.773  0.3524E+00  0.2393E+02
  20.783  0.3421E+00  0.2394E+02
  20.793  0.3316E+00  0.2394E+02
  20.803  0.3210E+00  0.2394E+02
  20.813  0.3103E+00  0.2395E+02
  20.823  0.2996E+00  0.2395E+02
  20.833  0.2889E+00  0.2395E+02
  20.843  0.2781E+00  0.2396E+02
  20.853  0.2674E+00  0.2396E+02
  20.863  0.2566E+00  0.2396E+02
  20.873  0.2458E+00  0.2396E+02
  20.883  0.2349E+00  0.2397E+02
  20.893  0.2240E+00  0.2397E+02
  20.903  0.2131E+00  0.2397E+02
  20.913  0.2022E+00  0.2397E+02
  20.923  0.1913E+00  0.2397E+02
  20.933  0.1803E+00  0.2398E+02
  20.943  0.1693E+00  0.2398E+02
  20.953  0.1583E+00  0.2398E+02
  20.963  0.1473E+00  0.2398E+02
  20.973  0.1371E+00  0.2398E+02
  20.983  0.1305E+00  0.2398E+02
  20.993  0.1241E+00  0.2399E+02
  21.003  0.1178E+00  0.2399E+02
  21.013  0.1116E+00  0.2399E+02
  21.023  0.1056E+00  0.2399E+02
  21.033  0.9975E-01  0.2399E+02
  21.043  0.9403E-01  0.2399E+02
  21.053  0.8845E-01  0.2399E+02
  21.063  0.8301E-01  0.2399E+02
  21.073  0.7772E-01  0.2399E+02
  21.083  0.7257E-01  0.2399E+02
  21.093  0.6756E-01  0.2399E+02
  21.103  0.6270E-01  0.2400E+02
  21.113  0.5797E-01  0.2400E+02
  21.123  0.5340E-01  0.2400E+02
  21.133  0.4896E-01  0.2400E+02
  21.143  0.4467E-01  0.2400E+02
  21.153  0.4052E-01  0.2400E+02
  21.163  0.3652E-01  0.2400E+02
  21.173  0.3265E-01  0.2400E+02
  21.183  0.2893E-01  0.2400E+02
  21.193  0.2536E-01  0.2400E+02
  21.203  0.2192E-01  0.2400E+02
  21.213  0.1863E-01  0.2400E+02
  21.223  0.1549E-01  0.2400E+02
  21.233  0.1183E-01  0.2400E+02
  21.243  0.4021E-02  0.2400E+02
  21.253  0.7749E-04  0.2400E+02
